ff 00 00 00 02 00 01 01
01 ff 00 ff 00 00 00 00
ff 00 00 00 00 00 01 00
00 00 00 01 00 00 00 00
01 00 00 00 01 ff 00 02
00 00 ff fe fd 00 00 00
00 00 00 00 00 00 ff 00
00 00 00 00 00 01 01 ff
00 01 00 00 00 00 00 00
00 00 00 00 ff 00 00 00
ff 00 00 01 00 00 00 00
00 00 00 00 01 00 00 02
ff 00 ff 00 00 01 00 00
ff 00 01 00 00 00 ff 00
01 00 00 00 00 00 00 ff
fe 02 00 00 01 00 00 00
fe 00 ff 00 ff ff ff 00
00 00 00 00 00 ff 00 00
00 00 00 00 00 00 00 00
00 00 00 ff 00 ff 00 ff
00 00 00 01 00 00 00 00
02 00 01 02 02 00 00 00
01 01 01 00 00 02 01 00
00 ff 00 00 ff 00 00 ff
02 fe 01 00 ff 00 ff 02
00 01 00 ff 01 00 01 00
00 00 01 00 00 00 00 00
ff 00 00 00 01 00 00 00
01 00 00 00 00 00 00 00
00 00 00 00 ff 00 00 00
00 00 00 00 01 00 00 00
00 00 ff 00 00 fe 00 00
ff 00 00 00 00 00 00 ff
00 00 00 00 00 00 00 00
00 00 00 00 00 00 00 00
00 00 00 00 00 00 00 00
00 00 01 ff 00 02 00 01
00 00 01 00 00 00 00 00
00 00 00 00 00 00 00 00
00 00 00 00 00 00 00 01
00 00 00 00 00 00 00 00
00 01 00 00 00 00 00 00
01 00 00 00 00 00 00 00
00 00 00 00 00 00 00 ff
01 01 00 00 00 00 00 00
00 00 00 00 ff 00 00 fd
ff 00 00 01 00 00 00 00
00 00 00 00 00 00 00 00
ff 00 00 00 ff 00 00 00
ff 00 00 00 01 00 00 01
00 00 00 00 00 00 00 00
00 ff 00 00 01 00 01 00
ff 00 ff 00 00 00 00 ff
01 00 00 00 01 00 00 00
01 00 00 00 01 00 00 00
00 ff 00 01 00 00 00 01
ff 00 01 00 00 00 00 00
00 00 00 00 00 01 00 00
00 00 00 00 00 00 01 ff
00 00 01 00 00 00 00 00
00 00 00 00 00 ff 00 00
01 00 00 01 00 00 01 00
02 00 00 ff 01 00 00 03
00 ff 00 00 00 00 00 00
