4.1641 -0.3047 -2.0742 -2.3047 -0.7461 1.2734 0.0000 0.0000 -1.8906 1.7383 0.0000 0.0000 0.0000 0.0000 1.2891 -2.4375 0.0000 0.0000 0.9609 -0.0742 0.0000 0.0000 0.0000 0.0000
4.2500 0.0586 0.3320 3.2773 1.2969 -0.8047 0.0000 0.0000 1.6094 -3.8125 0.0000 0.0000 0.0000 0.0000 2.6797 3.0859 0.0000 0.0000 1.8164 3.0547 0.0000 0.0000 0.0000 0.0000
2.1602 0.0000 0.0000 0.0000 2.3633 2.4141 0.0000 0.0000 1.7148 -2.5859 0.0000 0.0000 0.0000 0.0000 3.6562 1.0234 0.0000 0.0000 0.0000 0.0000 4.2070 1.5273 0.0000 0.0000
4.3086 0.9141 0.0000 0.0000 2.8633 4.0547 0.0000 0.0000 1.6875 -4.0859 0.0000 0.0000 0.0000 0.0000 2.0000 4.0547 0.0000 0.0000 0.0000 0.0000 2.7383 2.0742 0.0000 0.0000
0.0000 0.0000 1.4375 3.6719 2.0898 1.7188 0.0000 0.0000 0.0000 0.0000 0.0000 0.0000 0.0000 0.0000 5.1016 3.5977 0.0000 0.0000 0.0000 0.0000 5.4688 3.6992 0.0000 0.0000
0.0000 0.0000 2.3945 1.9609 3.8750 2.0234 0.0000 0.0000 0.0000 0.0000 0.0000 0.0000 0.0000 0.0000 2.4219 3.2422 0.0000 0.0000 0.0000 0.0000 2.9180 1.2695 0.0000 0.0000
1.6484 0.0000 3.5273 1.6992 0.9766 0.5156 0.0000 0.0000 2.6953 -2.9062 0.0000 1.2695 0.0000 0.0000 0.0000 0.0000 0.0000 0.0000 0.0000 0.0000 2.6562 1.9141 0.0000 0.0000
0.0000 0.6445 0.0000 0.3867 0.7344 -0.0703 0.0000 0.0000 0.0000 -2.6289 0.3555 -1.3047 0.0000 0.0000 0.0000 0.0000 0.0000 0.0000 0.0000 0.0000 1.7305 1.9023 0.0000 0.0000
-0.9805 0.0078 0.0000 0.0000 2.2188 2.5781 0.0000 0.0000 0.0000 0.0000 0.2188 0.0000 0.0000 0.0000 1.1094 2.8516 0.0000 0.0000 0.0000 0.0000 2.4688 0.6445 0.0000 0.0000
-0.4180 0.7969 0.0000 0.0000 0.3047 1.4336 0.0000 0.0000 0.0000 0.0000 -0.7578 0.5781 0.0000 0.0000 1.4219 0.9961 0.0000 0.0000 0.0000 0.0000 1.9766 -0.0391 0.0000 0.0000
0.4805 0.0000 2.5703 0.2266 2.3555 0.4297 0.0000 0.0000 3.5859 -1.7852 0.0000 0.0000 3.1094 -0.0273 1.6406 2.5703 0.0000 0.0000 0.0000 0.0000 1.7773 2.6211 0.0000 0.0000
0.4688 0.0000 1.9844 1.9727 2.6367 1.6367 0.0000 0.0000 2.3281 0.3203 0.0000 0.0000 2.5898 0.9531 3.4766 3.4453 0.0000 0.0000 0.0000 0.0000 3.3906 2.8828 0.0000 0.0000
0.7891 0.4648 0.0000 1.3867 1.6328 0.6641 0.0000 0.0000 0.0000 -2.0469 0.0000 0.0000 0.0000 0.0000 3.0391 0.5117 0.0000 0.0000 0.0000 0.0000 4.0742 2.2539 0.0000 0.0000
2.2695 1.6445 4.2539 2.1562 1.0586 1.9492 0.0000 0.0000 4.8320 -1.4766 0.0000 0.0000 0.0000 0.0000 4.2266 2.3516 0.0000 0.0000 0.0000 0.0000 3.4062 3.8789 0.0000 0.0000
2.5664 1.5781 1.2188 2.0078 0.2734 3.1133 0.0000 0.0000 2.3359 -1.6719 0.0000 0.0000 2.5820 0.1055 3.3203 4.6836 0.0000 0.0000 0.0000 0.0000 2.9688 0.2773 0.0000 0.0000
2.1953 1.0781 1.1875 2.0781 1.7305 1.6758 0.0000 0.0000 0.1094 -1.9648 0.0000 0.0000 2.4766 1.9219 2.5234 2.3203 0.0000 0.0000 0.0000 0.0000 1.5781 1.4531 0.0000 0.0000
1.5078 1.7773 -0.5742 -0.5391 1.8750 1.8203 0.0000 0.0000 0.1289 -2.7578 0.0000 0.0000 2.3281 0.1328 3.4336 4.5547 0.0000 0.0000 0.0000 0.0000 2.9062 1.5625 0.0000 0.0000
0.6289 0.6523 2.4297 2.5117 0.6172 0.0000 0.0000 0.0000 1.5273 -2.0273 0.0000 0.0000 1.7578 0.1328 2.3359 1.2656 0.0000 0.0000 0.0000 0.0000 2.3750 1.5352 0.0000 0.0000
0.5898 2.3047 3.2656 2.6875 0.9570 1.5859 0.0000 0.0000 2.7812 -2.0312 0.4883 2.1445 1.2852 0.7305 2.1406 3.3203 0.0000 0.0000 0.0000 0.0000 2.5508 2.6562 0.0000 0.0000
1.9062 -0.1641 0.0000 -0.4336 -0.5859 2.1367 0.0000 0.0000 2.0664 0.8281 0.3672 0.5781 0.8633 1.0234 2.7109 0.7734 0.0000 0.0000 0.0000 0.0000 2.8125 1.4102 0.0000 0.0000
0.0000 0.0000 0.5234 1.6250 -0.9609 3.0703 0.0000 0.0000 0.0000 0.0000 0.1172 1.2812 0.0000 1.4453 3.4336 2.9453 0.0000 0.0000 -0.5156 2.9688 2.8477 0.3867 0.0000 0.0000
0.0000 0.0000 3.5625 1.6953 0.9727 1.2891 0.0000 0.0000 0.0000 0.0000 2.2227 4.0312 0.3555 1.7461 2.3906 1.8477 0.0000 0.0000 0.8203 0.8594 2.6836 1.8555 0.0000 0.0000
0.0000 0.0000 -3.8398 -3.1211 -3.4023 -2.2227 0.0000 0.0000 -6.5312 -9.1406 -3.9492 -6.4453 0.0000 0.0000 -6.2461 -1.3828 0.0000 0.0000 0.0000 0.0000 -2.9219 -2.6797 0.0000 0.0000
0.0000 0.0000 0.0000 0.0000 0.0000 0.0000 0.0000 0.0000 0.0000 0.0000 0.0000 0.0000 0.0000 0.0000 0.0000 0.0000 0.0000 0.0000 0.0000 0.0000 0.0000 0.0000 0.0000 0.0000
