13.1875 2.6445 -3.0117 -1.0781 -3.0781 2.0156 0.0000 0.0000 3.7188 -6.7188 0.0000 0.0000 0.0000 0.0000 2.5586 -2.0469 0.0000 0.0000 2.1875 3.4414 0.0000 0.0000 0.0000 0.0000
-0.7578 -0.2773 1.8203 4.4766 3.6367 1.9180 0.0000 0.0000 1.2539 -0.3789 0.0000 0.0000 0.0000 0.0000 2.5703 1.4180 0.0000 0.0000 -0.6406 0.7891 0.0000 0.0000 0.0000 0.0000
3.3711 0.0000 0.0000 0.0000 3.1406 3.6328 0.0000 0.0000 3.3203 1.2461 0.0000 0.0000 0.0000 0.0000 6.8633 3.1133 0.0000 0.0000 0.0000 0.0000 6.9219 4.7227 0.0000 0.0000
-0.8633 -0.6953 0.0000 0.0000 7.1523 4.5742 0.0000 0.0000 1.9805 7.0312 0.0000 0.0000 0.0000 0.0000 6.0781 4.1016 0.0000 0.0000 0.0000 0.0000 3.9844 -0.4414 0.0000 0.0000
0.0000 0.0000 5.7109 5.3555 4.9375 3.3633 0.0000 0.0000 0.0000 0.0000 0.0000 0.0000 0.0000 0.0000 4.8164 2.9453 0.0000 0.0000 0.0000 0.0000 3.8594 -1.4492 0.0000 0.0000
0.0000 0.0000 4.3555 6.0586 4.7812 2.5430 0.0000 0.0000 0.0000 0.0000 0.0000 0.0000 0.0000 0.0000 2.7070 2.7227 0.0000 0.0000 0.0000 0.0000 3.4023 1.7422 0.0000 0.0000
4.2656 0.0000 4.2031 5.2500 5.5039 5.3164 0.0000 0.0000 3.4609 -1.3984 0.0000 2.4336 0.0000 0.0000 0.0000 0.0000 0.0000 0.0000 0.0000 0.0000 5.6953 5.6445 0.0000 0.0000
0.0000 0.5742 0.0000 7.1094 7.6484 5.1641 0.0000 0.0000 0.0000 0.4375 6.7695 2.8438 0.0000 0.0000 0.0000 0.0000 0.0000 0.0000 0.0000 0.0000 7.1562 6.0273 0.0000 0.0000
2.5234 -1.7461 0.0000 0.0000 7.7852 4.4531 0.0000 0.0000 0.0000 0.0000 0.6992 0.0000 0.0000 0.0000 6.9414 2.8672 0.0000 0.0000 0.0000 0.0000 5.6133 -2.6133 0.0000 0.0000
5.1719 2.3867 0.0000 0.0000 5.9336 3.7344 0.0000 0.0000 0.0000 0.0000 7.8242 3.3789 0.0000 0.0000 5.1836 3.6289 0.0000 0.0000 0.0000 0.0000 6.2422 5.7734 0.0000 0.0000
2.7969 0.0000 3.2500 4.4219 6.4922 3.7500 0.0000 0.0000 4.3633 -2.2109 0.0000 0.0000 0.3242 1.8047 3.6523 3.7188 0.0000 0.0000 0.0000 0.0000 3.9570 6.1914 0.0000 0.0000
-0.0977 0.0000 4.0234 4.8984 4.5898 3.3984 0.0000 0.0000 2.0977 -1.9297 0.0000 0.0000 1.4766 1.6875 6.2734 2.8789 0.0000 0.0000 0.0000 0.0000 6.9453 5.2031 0.0000 0.0000
0.8828 -0.7539 0.0000 4.9961 5.7461 6.0430 0.0000 0.0000 0.0000 5.5430 0.0000 0.0000 0.0000 0.0000 5.1172 4.4844 0.0000 0.0000 0.0000 0.0000 4.3086 3.1367 0.0000 0.0000
5.6562 -1.1133 0.5820 1.3516 -0.8945 -0.2930 0.0000 0.0000 1.2148 -8.8672 0.0000 0.0000 0.0000 0.0000 -0.6992 -0.5820 0.0000 0.0000 0.0000 0.0000 2.5430 3.3828 0.0000 0.0000
-2.6484 -0.7305 2.0703 3.3164 1.0977 1.8984 0.0000 0.0000 2.6172 0.9219 0.0000 0.0000 -0.8320 3.1641 2.9102 -0.1914 0.0000 0.0000 0.0000 0.0000 4.1094 3.9023 0.0000 0.0000
7.2969 -0.6875 0.2383 3.3281 3.5625 2.5234 0.0000 0.0000 0.8438 -4.3867 0.0000 0.0000 5.1523 7.0508 1.1328 2.3750 0.0000 0.0000 0.0000 0.0000 2.3164 6.2383 0.0000 0.0000
3.5117 0.2031 3.7031 5.5586 2.4648 3.0938 0.0000 0.0000 2.7031 -3.3672 0.0000 0.0000 1.3203 0.0391 5.1641 3.4531 0.0000 0.0000 0.0000 0.0000 3.0977 2.3828 0.0000 0.0000
6.0898 -0.5898 2.3555 4.9609 6.0664 2.0625 0.0000 0.0000 1.7188 -7.3320 0.0000 0.0000 1.9805 0.8906 4.4844 2.3750 0.0000 0.0000 0.0000 0.0000 6.5391 5.0625 0.0000 0.0000
1.8086 4.7188 3.5117 5.1484 6.6094 3.3672 0.0000 0.0000 1.3398 -4.9805 5.4297 2.2578 0.6953 -0.1562 8.7148 2.0781 0.0000 0.0000 0.0000 0.0000 6.8281 2.8164 0.0000 0.0000
9.4961 -0.8398 0.0000 3.2227 4.3672 3.3516 0.0000 0.0000 1.4258 -6.8164 0.1562 3.7266 0.9023 4.4414 4.2070 0.6953 0.0000 0.0000 0.0000 0.0000 3.2578 -0.8711 0.0000 0.0000
0.0000 0.0000 2.5508 3.6250 0.9883 2.6602 0.0000 0.0000 0.0000 0.0000 -0.5273 5.6289 0.0000 1.2227 3.7422 -0.4297 0.0000 0.0000 0.1211 2.6758 3.5352 4.5625 0.0000 0.0000
0.0000 0.0000 1.1289 2.7812 3.5430 3.2344 0.0000 0.0000 0.0000 0.0000 5.2578 -1.2422 1.2305 -0.2031 5.4023 2.3867 0.0000 0.0000 0.0820 3.0000 5.6094 5.3125 0.0000 0.0000
0.0000 0.0000 -5.8672 -1.7500 2.0391 -4.7266 0.0000 0.0000 -0.9336 -16.3438 -3.8203 -5.5117 0.0000 0.0000 -2.2383 -1.7969 0.0000 0.0000 0.0000 0.0000 -1.2344 -4.0469 0.0000 0.0000
0.0000 0.0000 0.0000 0.0000 0.0000 0.0000 0.0000 0.0000 0.0000 0.0000 0.0000 0.0000 0.0000 0.0000 0.0000 0.0000 0.0000 0.0000 0.0000 0.0000 0.0000 0.0000 0.0000 0.0000
