0.0417 0.0417 0.0417 0.0417 0.0417 0.0417 0.0417 0.0417 0.0417 0.0417 0.0417 0.0417 0.0417 0.0417 0.0417 0.0417 0.0417 0.0417 0.0417 0.0417 0.0417 0.0417 0.0417 0.0417
0.0417 0.0417 0.0417 0.0417 0.0417 0.0417 0.0417 0.0417 0.0417 0.0417 0.0417 0.0417 0.0417 0.0417 0.0417 0.0417 0.0417 0.0417 0.0417 0.0417 0.0417 0.0417 0.0417 0.0417
0.0417 0.0417 0.0417 0.0417 0.0417 0.0417 0.0417 0.0417 0.0417 0.0417 0.0417 0.0417 0.0417 0.0417 0.0417 0.0417 0.0417 0.0417 0.0417 0.0417 0.0417 0.0417 0.0417 0.0417
0.0417 0.0417 0.0417 0.0417 0.0417 0.0417 0.0417 0.0417 0.0417 0.0417 0.0417 0.0417 0.0417 0.0417 0.0417 0.0417 0.0417 0.0417 0.0417 0.0417 0.0417 0.0417 0.0417 0.0417
0.0417 0.0417 0.0417 0.0417 0.0417 0.0417 0.0417 0.0417 0.0417 0.0417 0.0417 0.0417 0.0417 0.0417 0.0417 0.0417 0.0417 0.0417 0.0417 0.0417 0.0417 0.0417 0.0417 0.0417
0.0417 0.0417 0.0417 0.0417 0.0417 0.0417 0.0417 0.0417 0.0417 0.0417 0.0417 0.0417 0.0417 0.0417 0.0417 0.0417 0.0417 0.0417 0.0417 0.0417 0.0417 0.0417 0.0417 0.0417
0.0417 0.0417 0.0417 0.0417 0.0417 0.0417 0.0417 0.0417 0.0417 0.0417 0.0417 0.0417 0.0417 0.0417 0.0417 0.0417 0.0417 0.0417 0.0417 0.0417 0.0417 0.0417 0.0417 0.0417
0.0417 0.0417 0.0417 0.0417 0.0417 0.0417 0.0417 0.0417 0.0417 0.0417 0.0417 0.0417 0.0417 0.0417 0.0417 0.0417 0.0417 0.0417 0.0417 0.0417 0.0417 0.0417 0.0417 0.0417
0.0417 0.0417 0.0417 0.0417 0.0417 0.0417 0.0417 0.0417 0.0417 0.0417 0.0417 0.0417 0.0417 0.0417 0.0417 0.0417 0.0417 0.0417 0.0417 0.0417 0.0417 0.0417 0.0417 0.0417
0.0417 0.0417 0.0417 0.0417 0.0417 0.0417 0.0417 0.0417 0.0417 0.0417 0.0417 0.0417 0.0417 0.0417 0.0417 0.0417 0.0417 0.0417 0.0417 0.0417 0.0417 0.0417 0.0417 0.0417
0.0417 0.0417 0.0417 0.0417 0.0417 0.0417 0.0417 0.0417 0.0417 0.0417 0.0417 0.0417 0.0417 0.0417 0.0417 0.0417 0.0417 0.0417 0.0417 0.0417 0.0417 0.0417 0.0417 0.0417
0.0417 0.0417 0.0417 0.0417 0.0417 0.0417 0.0417 0.0417 0.0417 0.0417 0.0417 0.0417 0.0417 0.0417 0.0417 0.0417 0.0417 0.0417 0.0417 0.0417 0.0417 0.0417 0.0417 0.0417
0.0417 0.0417 0.0417 0.0417 0.0417 0.0417 0.0417 0.0417 0.0417 0.0417 0.0417 0.0417 0.0417 0.0417 0.0417 0.0417 0.0417 0.0417 0.0417 0.0417 0.0417 0.0417 0.0417 0.0417
0.0417 0.0417 0.0417 0.0417 0.0417 0.0417 0.0417 0.0417 0.0417 0.0417 0.0417 0.0417 0.0417 0.0417 0.0417 0.0417 0.0417 0.0417 0.0417 0.0417 0.0417 0.0417 0.0417 0.0417
0.0417 0.0417 0.0417 0.0417 0.0417 0.0417 0.0417 0.0417 0.0417 0.0417 0.0417 0.0417 0.0417 0.0417 0.0417 0.0417 0.0417 0.0417 0.0417 0.0417 0.0417 0.0417 0.0417 0.0417
0.0417 0.0417 0.0417 0.0417 0.0417 0.0417 0.0417 0.0417 0.0417 0.0417 0.0417 0.0417 0.0417 0.0417 0.0417 0.0417 0.0417 0.0417 0.0417 0.0417 0.0417 0.0417 0.0417 0.0417
0.0417 0.0417 0.0417 0.0417 0.0417 0.0417 0.0417 0.0417 0.0417 0.0417 0.0417 0.0417 0.0417 0.0417 0.0417 0.0417 0.0417 0.0417 0.0417 0.0417 0.0417 0.0417 0.0417 0.0417
0.0417 0.0417 0.0417 0.0417 0.0417 0.0417 0.0417 0.0417 0.0417 0.0417 0.0417 0.0417 0.0417 0.0417 0.0417 0.0417 0.0417 0.0417 0.0417 0.0417 0.0417 0.0417 0.0417 0.0417
0.0417 0.0417 0.0417 0.0417 0.0417 0.0417 0.0417 0.0417 0.0417 0.0417 0.0417 0.0417 0.0417 0.0417 0.0417 0.0417 0.0417 0.0417 0.0417 0.0417 0.0417 0.0417 0.0417 0.0417
0.0417 0.0417 0.0417 0.0417 0.0417 0.0417 0.0417 0.0417 0.0417 0.0417 0.0417 0.0417 0.0417 0.0417 0.0417 0.0417 0.0417 0.0417 0.0417 0.0417 0.0417 0.0417 0.0417 0.0417
0.0417 0.0417 0.0417 0.0417 0.0417 0.0417 0.0417 0.0417 0.0417 0.0417 0.0417 0.0417 0.0417 0.0417 0.0417 0.0417 0.0417 0.0417 0.0417 0.0417 0.0417 0.0417 0.0417 0.0417
0.0417 0.0417 0.0417 0.0417 0.0417 0.0417 0.0417 0.0417 0.0417 0.0417 0.0417 0.0417 0.0417 0.0417 0.0417 0.0417 0.0417 0.0417 0.0417 0.0417 0.0417 0.0417 0.0417 0.0417
0.0417 0.0417 0.0417 0.0417 0.0417 0.0417 0.0417 0.0417 0.0417 0.0417 0.0417 0.0417 0.0417 0.0417 0.0417 0.0417 0.0417 0.0417 0.0417 0.0417 0.0417 0.0417 0.0417 0.0417
0.0417 0.0417 0.0417 0.0417 0.0417 0.0417 0.0417 0.0417 0.0417 0.0417 0.0417 0.0417 0.0417 0.0417 0.0417 0.0417 0.0417 0.0417 0.0417 0.0417 0.0417 0.0417 0.0417 0.0417
