ff 00 ff 00 01 02 00 00 00 00 01 00 01 01 00 00 00 00 02 00 00 00 01 00 00 00 02 00 00 00 00 02 01 00 00 00
01 01 00 00 00 00 00 00 00 00 ff 00 00 00 00 01 00 00 ff 00 00 00 00 00 00 01 ff 00 ff 00 00 00 00 00 00 00
ff 00 01 00 00 00 00 00 01 01 00 01 00 00 00 01 00 00 00 00 00 00 00 00 01 00 00 00 00 00 00 00 00 00 00 00
00 00 00 00 00 00 00 00 00 ff 00 00 00 00 00 00 00 00 00 00 00 00 00 00 00 00 00 01 00 00 00 00 01 00 00 00
01 01 00 00 01 00 01 00 00 00 02 00 02 00 01 00 01 01 01 01 01 00 00 01 00 00 01 00 00 00 00 01 03 00 00 00
00 ff 00 00 fb 00 fd 00 00 00 fb 00 fd fe fc 00 fd ff 00 ff fd 00 00 fd 00 fe 00 00 00 00 ff 00 00 00 00 00
00 00 00 00 00 00 00 00 00 00 00 00 00 00 00 00 00 01 ff 00 00 00 00 00 00 00 ff 00 00 00 00 ff 00 00 00 00
00 00 01 01 01 00 00 01 01 00 00 00 ff 00 00 00 ff 01 00 00 00 00 00 00 00 00 00 00 00 ff 00 00 ff 00 00 00
00 00 00 00 ff 00 ff 00 00 00 fe ff 00 ff 00 ff ff 00 00 00 ff 00 00 ff fe 00 00 00 00 00 00 00 00 00 00 00
00 00 01 00 ff 00 00 00 00 00 00 ff 00 00 00 00 00 00 00 00 00 00 01 ff 00 00 00 00 ff 00 ff 00 00 00 00 00
ff 00 00 ff 00 00 00 00 00 ff 01 01 01 00 00 00 01 00 00 00 00 00 00 00 ff 01 00 00 01 ff 00 01 00 00 00 00
00 00 00 00 01 00 00 00 00 00 01 00 00 00 01 00 00 00 00 01 00 00 01 01 00 00 01 00 00 01 01 00 02 00 00 00
ff 00 00 00 01 00 00 00 00 ff 02 00 00 00 01 00 00 01 01 00 00 00 00 00 00 01 01 ff 00 00 00 00 00 00 00 00
ff 00 00 00 00 00 00 ff 00 00 ff 00 00 00 00 00 00 00 00 00 00 ff 01 00 00 00 00 00 01 00 00 00 00 00 00 00
01 00 00 00 02 ff 00 00 00 00 01 00 01 00 00 00 00 01 00 00 00 00 00 00 00 00 ff 00 00 00 00 00 ff 00 00 00
fe 00 01 00 03 01 00 00 ff 00 03 01 00 01 02 01 01 00 01 00 00 01 01 02 01 00 02 01 01 00 00 02 00 00 00 00
fe ff 00 ff 00 ff 00 fe ff fe 00 fe 00 ff ff ff ff 00 00 00 00 ff 00 00 fe 00 00 ff fe ff 00 ff 00 00 00 00
00 00 00 00 ff 00 00 00 00 00 ff 00 00 00 00 00 00 00 00 00 00 00 00 00 00 00 00 00 00 00 00 00 00 00 00 00
00 00 00 00 02 ff 00 ff 00 00 01 00 ff 00 00 00 00 00 01 00 00 00 00 00 00 01 01 00 ff 00 00 00 00 00 00 00
00 00 00 00 00 00 00 00 00 00 00 00 00 00 00 00 00 00 00 00 00 01 00 00 00 00 00 00 ff 00 01 00 ff 00 00 00
00 00 00 01 00 00 ff 00 00 01 00 01 00 00 00 00 00 00 00 00 ff 00 00 00 00 ff 00 00 01 00 00 00 00 00 00 00
02 02 00 00 00 00 02 00 00 01 00 ff 01 00 01 00 02 01 00 01 02 01 00 01 ff 01 00 00 ff 00 00 01 00 00 00 00
01 00 02 01 00 01 00 03 01 02 ff 02 00 01 00 02 00 01 01 01 00 01 01 00 02 01 01 02 02 03 01 00 00 00 00 00
00 00 00 00 00 00 00 00 00 ff 00 00 00 00 00 00 00 00 00 01 00 00 00 00 ff 01 01 00 01 00 00 01 00 00 00 00
02 00 00 00 ff fe 00 00 00 00 ff 00 00 ff 00 00 ff 00 ff 01 00 00 00 00 00 00 ff 00 00 00 00 fe 01 00 00 00
00 01 00 00 00 01 00 00 00 ff 00 00 ff 00 01 00 00 00 01 00 00 00 00 00 ff 00 01 01 01 00 00 00 00 00 00 00
00 00 00 00 02 00 01 01 00 00 03 00 01 00 00 00 00 00 ff ff 01 00 00 00 00 00 ff 00 00 00 ff 01 00 00 00 00
ff 01 00 00 01 00 00 00 00 00 00 01 00 00 01 00 00 00 00 00 00 ff 00 01 00 00 00 00 00 00 01 01 00 00 00 00
01 00 00 00 00 00 00 00 00 00 00 00 00 00 01 00 00 00 00 ff 00 00 00 00 00 00 00 00 00 00 00 00 00 00 00 00
00 00 00 00 01 00 01 00 00 00 02 00 00 00 00 00 00 00 00 ff 01 00 00 00 01 00 00 00 00 00 00 ff 00 00 00 00
00 00 00 01 ff 00 00 00 00 01 fe ff 00 00 00 00 00 00 00 ff 00 00 00 00 00 ff 00 00 00 00 00 00 00 00 00 00
00 00 00 ff 00 01 00 00 00 ff 01 00 00 00 00 00 00 ff 00 00 00 00 01 00 00 00 00 00 00 00 00 00 00 00 00 00
ff 00 00 00 01 00 00 00 ff 00 01 ff 00 00 00 00 00 00 00 01 00 00 00 00 00 00 00 00 00 00 00 01 ff 00 00 00
00 00 00 00 00 00 00 00 00 ff 01 00 00 00 00 00 00 01 00 00 00 00 01 00 01 00 00 00 00 00 00 00 00 00 00 00
00 00 00 00 ff 00 00 00 00 ff ff 00 fe 00 00 01 00 00 00 01 00 00 01 00 ff 01 00 00 00 00 00 00 00 00 00 00
00 00 00 00 01 01 01 01 00 00 01 01 00 00 00 00 ff 01 00 00 01 01 00 00 02 00 00 00 ff 00 01 00 01 00 00 00
00 00 00 00 00 01 00 00 00 00 00 00 00 00 00 01 00 ff 00 00 00 00 00 00 00 00 00 00 00 ff 00 00 01 00 00 00
00 00 00 00 00 ff 01 00 00 00 00 01 01 00 00 00 00 00 00 00 01 00 00 00 00 00 00 ff 00 00 00 00 00 00 00 00
00 00 00 00 02 00 00 00 00 01 02 01 00 00 00 00 00 00 00 00 00 00 ff 00 00 00 00 00 01 00 00 00 ff 00 00 00
00 00 00 00 00 00 00 00 00 00 ff 00 ff 00 00 00 01 ff 00 00 00 00 01 00 00 00 00 00 ff 00 00 00 01 00 00 00
00 00 00 00 01 00 01 00 00 ff 01 00 00 00 00 00 ff 00 00 00 00 00 00 00 00 00 00 00 00 00 00 00 00 00 00 00
00 00 ff 00 00 00 00 00 01 00 ff 01 00 00 00 01 00 00 00 00 00 00 00 00 01 00 00 01 00 01 00 00 00 00 00 00
01 00 00 01 00 00 00 00 00 00 00 00 ff 00 00 00 00 00 00 00 00 00 00 00 00 00 00 00 00 00 00 00 00 00 00 00
00 00 ff 00 00 00 00 00 00 00 00 ff 00 00 00 00 00 00 ff 00 00 ff 00 00 01 00 ff 00 00 ff 00 00 ff 00 00 00
01 00 00 00 00 01 00 00 00 00 00 00 00 00 00 00 00 00 00 01 00 01 00 00 01 00 00 00 00 00 00 00 01 00 00 00
00 ff 00 00 fd 00 fe 00 ff ff fd 00 ff ff fe ff ff ff 00 00 fe 00 00 fe 00 fe 00 00 00 ff 00 00 fd 00 00 00
ff 00 00 00 ff 00 00 ff 00 00 00 00 01 00 00 00 00 00 00 00 00 00 00 00 01 00 00 00 00 00 00 01 00 00 00 00
00 ff 00 00 00 01 00 01 00 00 00 00 ff 00 00 00 00 00 00 00 00 00 00 00 01 00 00 00 fe 00 00 00 00 00 00 00
ff 00 00 00 01 00 01 00 ff 00 02 00 00 00 00 ff 00 00 00 01 01 00 00 00 00 00 00 00 00 00 01 00 00 00 00 00
ff 00 00 00 00 00 ff 01 00 00 00 00 00 00 00 00 00 00 00 00 ff 00 00 00 00 00 00 00 00 00 00 00 01 00 00 00
00 00 00 ff 00 00 00 01 00 01 00 00 01 00 00 00 00 00 00 ff 00 00 ff 00 01 00 00 01 00 00 00 00 00 00 00 00
00 00 00 00 00 00 00 00 00 00 00 fe 00 00 00 00 00 01 00 00 00 00 01 00 01 00 00 00 ff 00 00 00 00 00 00 00
ff 00 00 ff 01 01 01 00 00 00 02 00 ff 00 01 00 00 01 00 00 01 00 00 00 00 01 01 00 fe 00 00 00 ff 00 00 00
01 00 00 00 ff 00 00 00 01 00 00 ff 00 01 00 00 01 00 01 00 00 01 00 00 00 00 01 00 00 00 00 00 00 00 00 00
01 00 01 00 00 00 00 00 00 00 00 00 00 01 01 00 00 01 00 00 00 00 00 01 00 01 00 00 00 00 00 01 00 00 00 00
00 00 00 ff 00 00 00 00 00 00 ff 00 00 00 00 ff 00 00 00 00 00 00 00 00 00 00 00 00 00 00 00 00 01 00 00 00
ff 01 00 00 03 00 02 00 01 00 05 ff 00 01 02 01 01 01 00 00 01 00 00 02 00 01 00 00 00 00 01 01 00 00 00 00
00 00 00 00 ff 00 00 00 00 01 ff 00 01 00 00 00 00 00 00 00 00 00 00 00 00 00 00 ff ff 00 00 00 00 00 00 00
00 00 00 00 01 00 00 ff 01 00 02 00 00 00 00 02 00 03 01 00 00 00 00 00 00 01 00 00 00 00 ff 01 ff 00 00 00
00 00 00 00 ff 00 00 00 00 00 00 00 00 00 00 00 00 00 ff 00 00 00 ff ff 00 00 ff 00 00 00 01 ff 00 00 00 00
00 00 ff 00 ff 00 00 fe 00 00 ff 00 00 00 ff 00 00 00 00 00 00 00 00 ff 00 00 ff 00 00 ff ff 00 00 00 00 00
01 00 00 02 ff 00 00 00 01 01 ff 00 00 00 00 00 00 00 01 00 00 00 02 00 01 00 01 00 01 00 01 02 01 00 00 00
02 00 00 ff ff 00 ff ff ff ff fd 00 fe 00 ff 00 00 00 ff ff ff 00 00 00 ff ff ff ff ff ff fe 01 02 00 00 00
00 ff 00 01 01 00 00 00 01 01 00 ff 00 00 00 00 00 00 00 00 00 00 00 00 00 01 00 ff 00 00 00 00 00 00 00 00
