00 00 00 00 01 00 00 00 00 00 00 00 00 00 00 00 00 00 00 00 00 00 00 00 00 00 00 00 00 00 00 00 ff 00 00 00 01 00 00 00 00 ff 00 00 00 00 ff 00 00 00 00 01 00 00 01 00 00 00 00 00 00 00 02 00
00 01 01 00 00 00 00 00 00 00 00 00 00 00 00 00 00 00 00 00 ff 00 01 00 00 01 00 00 00 ff 00 00 00 ff 01 00 00 00 00 00 ff 00 00 00 00 00 01 00 00 00 00 00 00 00 00 00 00 00 00 00 00 00 00 00
00 00 00 00 00 00 00 00 00 00 00 00 ff 00 00 00 fe 00 00 00 00 00 02 01 00 00 00 ff 00 00 00 00 00 00 ff 00 00 00 ff 00 00 00 ff 01 00 00 01 00 00 00 00 00 00 00 01 00 00 00 00 ff 00 01 00 00
00 00 01 00 00 00 00 00 00 00 00 00 01 00 00 00 ff 00 00 00 00 00 01 00 00 00 00 00 00 00 01 00 00 00 00 00 ff 01 00 00 00 00 00 00 00 00 00 ff ff 00 00 00 00 00 00 00 00 00 00 00 00 01 ff 00
00 01 00 00 00 00 00 00 00 00 00 00 00 00 00 00 00 00 00 00 00 00 01 00 00 00 00 00 00 00 00 00 00 ff 00 00 00 00 00 00 00 00 00 00 01 00 00 ff 00 00 00 00 00 01 00 00 00 00 00 00 00 01 00 00
00 00 00 00 00 00 00 00 00 00 00 00 00 00 00 01 00 00 00 00 00 00 01 00 01 00 00 00 00 00 00 00 00 ff 00 00 01 00 00 00 00 00 00 ff 00 00 00 00 00 00 00 00 ff 00 00 00 00 00 00 00 00 00 00 00
00 00 00 00 00 00 00 00 00 00 00 00 00 00 00 00 ff 00 00 00 00 00 01 00 00 00 00 00 00 ff 00 00 00 00 00 00 00 00 00 00 ff 00 00 00 00 00 00 ff ff 00 00 00 ff 00 00 00 01 00 00 00 00 01 00 00
00 00 00 00 01 00 ff 00 00 01 00 00 00 00 00 00 00 00 00 00 00 00 01 00 00 00 00 00 00 00 00 00 00 01 00 ff 00 00 00 00 00 00 00 00 00 00 01 00 00 00 ff 00 01 00 00 00 ff 00 00 00 00 02 00 ff
00 00 00 00 00 00 00 00 00 01 00 00 00 00 00 00 ff 00 00 00 00 00 01 00 00 00 00 00 00 00 01 00 00 00 00 00 00 00 00 00 00 00 ff 00 00 00 00 00 00 00 00 00 00 00 00 00 00 00 00 00 00 02 00 00
00 01 00 00 00 00 00 00 00 00 00 00 00 00 00 00 ff 00 00 00 00 01 01 00 00 00 00 00 00 00 00 00 00 00 00 00 00 01 00 00 00 00 00 00 00 00 00 00 ff 00 00 00 00 00 00 00 00 00 00 00 00 02 00 00
00 00 00 00 00 00 00 00 00 00 00 00 00 00 00 00 00 00 00 00 00 00 00 00 00 00 00 00 00 ff 00 00 00 00 00 00 00 00 00 00 00 00 00 00 00 ff 00 ff 00 00 00 00 00 00 00 00 00 00 ff 00 00 01 00 00
00 01 00 00 ff 00 00 00 ff 00 00 ff ff 00 00 00 ff 00 00 00 01 00 01 00 00 00 00 00 00 00 01 00 ff 00 00 00 00 00 00 00 00 01 00 00 ff 00 00 fe 00 ff fe 00 00 00 fe 00 00 00 ff 00 01 00 fe 00
00 00 00 00 00 00 00 00 00 00 00 00 ff 00 00 00 00 00 00 00 00 00 00 00 00 00 00 00 01 00 00 00 00 fe 00 00 00 01 00 00 00 00 00 00 00 00 00 fe 00 00 00 00 ff 00 00 00 00 00 ff 00 00 01 00 01
00 00 00 00 00 00 00 00 00 00 00 00 00 00 00 00 ff 00 00 00 00 01 01 00 00 00 00 00 01 00 00 00 00 00 00 00 00 00 00 00 00 01 00 00 00 00 00 ff 00 00 00 00 00 00 00 00 00 00 00 00 00 01 00 00
00 01 00 00 00 00 00 00 00 00 00 00 00 00 00 00 ff 00 00 00 00 00 01 00 00 00 00 00 00 00 01 00 00 00 00 00 00 00 00 00 00 00 00 00 00 00 01 ff 00 01 00 00 00 01 00 00 00 00 00 00 00 01 00 00
00 00 00 00 00 00 00 01 00 00 00 00 ff ff 00 00 00 00 00 00 01 00 01 00 00 ff 00 00 00 00 00 00 00 00 00 01 00 00 00 01 00 00 00 00 00 00 00 00 00 00 00 00 00 01 00 01 00 00 00 00 00 00 00 01
00 01 00 00 00 00 00 00 00 00 00 00 00 00 00 00 00 00 00 00 00 01 01 00 00 00 00 00 00 00 00 00 00 00 00 00 00 00 ff 00 00 01 00 00 01 00 00 ff 00 00 00 00 00 00 00 00 00 00 00 00 00 01 00 00
00 01 00 00 00 00 00 00 00 00 00 00 00 01 00 00 00 00 00 00 00 00 01 00 00 01 00 00 00 ff 00 00 00 00 00 00 00 00 00 00 ff 01 00 00 01 00 00 ff 00 00 00 00 00 01 00 00 00 00 00 00 00 00 00 00
00 01 00 00 00 00 00 00 00 00 00 00 00 00 00 00 ff 00 00 00 00 00 01 00 00 00 00 00 00 00 00 00 00 ff 00 00 00 00 00 00 00 00 00 00 00 00 00 ff 00 00 00 00 ff 00 00 00 00 00 00 00 00 00 00 00
00 00 00 00 00 00 00 00 00 00 00 ff 00 00 00 00 00 00 00 00 00 00 01 ff 00 00 00 00 00 00 00 00 00 00 00 00 00 00 00 00 00 00 00 00 01 00 00 00 00 00 00 00 00 00 00 00 00 ff 00 00 00 00 00 00
00 00 00 00 00 00 00 00 00 00 00 00 00 00 00 00 ff 00 00 00 00 00 01 00 00 00 00 00 00 00 00 00 00 00 00 00 00 00 00 00 ff 00 00 00 00 00 00 ff ff 00 00 00 00 00 00 00 01 00 00 00 00 00 00 00
00 00 00 00 00 00 00 00 ff 00 00 00 00 00 00 00 00 00 00 00 00 00 01 00 00 00 00 00 00 00 00 00 00 00 00 00 01 00 00 00 00 00 00 00 01 00 00 00 00 00 00 00 00 00 00 00 00 00 00 00 00 01 00 00
00 01 00 00 01 00 00 00 00 00 00 00 00 00 ff 00 ff 00 00 00 00 01 00 00 00 00 00 00 00 00 00 00 00 00 00 00 00 00 00 00 ff 01 00 00 00 00 00 00 00 00 ff 00 00 00 00 00 00 00 00 00 00 01 00 00
00 01 00 00 00 00 00 00 00 00 00 00 00 00 00 00 00 00 00 00 00 00 01 00 00 00 00 00 00 00 01 00 00 00 00 00 00 00 00 00 00 00 00 00 00 00 00 ff ff 00 00 00 00 01 00 00 00 00 00 00 00 01 00 00
00 00 00 00 00 00 00 00 00 00 02 00 00 00 00 00 ff 00 00 00 00 00 01 01 00 00 00 00 01 00 00 00 00 00 00 01 00 01 00 00 00 00 00 00 00 00 00 00 00 00 00 00 00 00 00 00 00 00 00 01 00 02 00 ff
00 00 00 00 00 00 00 00 00 00 00 01 00 01 00 00 00 00 ff 00 01 01 02 00 00 00 00 00 00 00 00 00 00 00 00 00 00 00 00 00 00 00 00 00 00 ff 00 00 ff 00 00 00 ff 01 00 00 00 01 ff 00 ff 00 00 ff
00 01 00 00 00 00 00 00 00 00 00 00 00 00 00 00 00 00 00 00 00 00 01 00 00 00 00 00 00 00 00 00 00 ff 00 00 00 00 00 ff 00 00 00 00 00 00 00 ff 00 00 00 00 ff 00 00 00 00 00 00 00 00 00 00 00
00 00 00 00 00 00 00 00 00 ff 00 00 00 00 00 00 ff 00 00 00 00 01 01 00 00 00 ff 00 00 00 00 00 00 00 00 00 00 01 00 00 00 00 00 00 01 00 01 00 00 00 00 01 00 00 01 00 00 00 01 00 00 01 00 00
00 00 01 00 ff 01 00 00 ff 00 ff ff ff 00 00 01 ff 00 ff 00 01 ff 02 00 00 00 00 00 ff 00 00 00 00 00 00 00 01 00 00 00 00 00 00 00 00 00 00 00 00 fe 00 00 00 00 00 00 00 00 ff 01 01 00 fe 00
00 01 00 00 00 00 00 00 00 01 00 00 ff 00 00 00 ff 00 00 ff 00 00 02 00 01 00 00 00 00 00 01 00 ff 00 00 00 00 00 ff 00 00 00 00 00 00 00 00 ff 00 00 00 00 ff 00 00 00 00 00 00 00 00 02 ff 00
00 00 ff 00 00 00 00 00 ff 01 00 00 00 00 00 00 00 00 00 00 00 00 02 00 00 00 00 ff 00 00 01 00 00 00 00 00 00 ff ff 00 00 00 00 ff 01 00 00 00 00 00 00 00 ff 00 00 00 00 00 00 00 00 01 00 00
00 01 00 00 00 00 00 00 00 00 00 00 00 00 00 00 00 00 00 00 00 01 01 00 00 00 00 00 00 00 00 00 00 00 00 00 00 00 00 00 ff 00 00 00 00 ff 00 ff 00 00 00 00 ff 00 00 00 01 00 ff 00 ff 00 00 00
00 01 00 00 00 01 01 00 00 02 ff 00 00 01 00 ff 04 00 ff ff 00 01 fe ff 02 00 ff 00 ff 00 01 00 ff 00 00 00 01 00 ff 01 ff 01 00 00 00 00 00 ff 01 02 00 00 00 00 00 00 ff 00 ff 01 01 ff 03 ff
00 00 00 00 00 00 00 00 00 00 00 00 00 00 00 00 00 00 00 00 00 00 00 00 00 00 00 00 00 00 00 00 00 00 00 00 00 00 00 00 00 00 00 00 00 00 00 00 00 00 00 00 00 00 00 00 00 00 00 00 00 00 00 00
00 00 00 00 00 00 00 00 00 00 00 00 00 00 00 00 00 00 00 00 00 00 00 00 00 00 00 00 00 00 00 00 00 00 00 00 00 00 00 00 00 00 00 00 00 00 00 00 00 00 00 00 00 00 00 00 00 00 00 00 00 00 00 00
00 00 00 00 00 00 00 00 00 00 00 00 00 00 00 00 00 00 00 00 00 00 00 00 00 00 00 00 00 00 00 00 00 00 00 00 00 00 00 00 00 00 00 00 00 00 00 00 00 00 00 00 00 00 00 00 00 00 00 00 00 00 00 00
