042a ff3e 0000 0000 016c 00f0 0000 0000 ff1b fdae 00a5 ff64 0000 0000 0000 0000 0000 0000 0000 0000 0000 0000 0000 0000 ff50 fdcc fed2 0020 fb6b ff64 fdb0 0167 0299 0000 0000 0000
0000 00a3 0000 0000 fc25 fee4 0000 0000 040e 0062 fc9b 027a 0000 0000 0000 0000 0000 0000 0000 0000 0000 0000 0000 0000 0000 0134 0207 ffb4 011c 0140 00b1 0280 0000 0000 0000 0000
0000 0000 00eb 019a 0000 0000 0000 0010 02da 0053 fe46 0321 052d 0335 0000 0000 0000 0000 0000 0000 0000 0000 0000 0000 0298 0280 0160 0246 03b2 02fb 0000 0000 0000 0000 0000 0000
0000 0000 0025 0104 0000 0000 03de 0019 0332 0410 001f 005b 02d0 02eb 0000 0000 0000 0000 0000 0000 0000 0000 0000 0000 0230 0475 013e 00b4 027e 013c 0000 0000 0000 0000 0000 0000
0253 0090 024a 013e 0000 0000 0000 0000 02fc 01d3 fd56 fef9 0000 0000 0000 039d 0000 0000 ff83 03b2 0000 0000 0000 0000 0000 0000 ff46 ff7c 0244 0236 0000 0000 0000 0000 0000 0000
00e3 0000 01c2 01c3 0000 0000 0000 0000 0000 009f ff77 009b 0000 0000 ff0e 010e 0000 0000 0086 0155 0000 0000 0000 0000 0000 0000 0054 003e ff4f ff83 0000 0000 0000 0000 0000 0000
0050 00b0 0290 029c fd5d 0000 0000 0000 0479 0361 fdf4 0040 0000 0000 0000 0000 0000 0000 00f0 0299 0000 0000 01e4 ff4b 0000 0000 0247 00cf 0272 0213 0307 031a 0000 0000 0000 0000
0242 ff46 ff6c 01d4 ff36 0478 0000 0000 ff4b fe55 fd1a 01b8 0000 0000 0000 0000 0000 0000 07c7 ffb9 0000 0000 0296 0091 0000 0000 0779 0158 020f 006b 0000 02cf 0000 0000 0000 0000
02d1 feef 00ef 0229 0000 0000 0000 fe65 00d5 00d9 fdf4 0151 0000 0000 0000 0000 0000 0000 0000 0000 0000 0000 0286 0011 0309 0000 0000 0000 01ee 011f 0264 0218 0000 0000 0000 0000
01d0 ff59 0199 0067 0000 0000 02d4 ff8c 03ec 018b fef9 010c 0000 0000 0000 0000 0000 0000 0000 0000 0000 0000 02ee 0132 01ee 0325 0000 0000 01b9 00ee 02c1 039e 0000 0000 0000 0000
0000 0000 0000 0285 0000 0000 0000 0000 0105 0253 ff67 0000 0000 0000 feec 0149 0119 01bb 0000 0000 0000 0000 0120 ffcc 0000 0000 0000 0000 ffa8 010d 02cd 011d 0200 0000 0000 0000
0000 0000 013c 010a 0000 0000 0000 0000 0118 07f0 fdb1 ffc4 0000 0000 ff91 007a fdbe 0355 0000 0000 0000 0000 0358 0059 0000 0000 0000 0000 03a3 fe71 0262 ff4e fed2 0000 0000 0000
0264 0098 0000 0000 0000 0000 0000 0000 0265 0421 004f 0000 0000 0000 fe84 0314 0000 0029 0000 0000 0000 0000 0000 0000 fd86 00d4 0000 0000 0010 0000 0000 0000 0000 0000 0000 0000
0130 02b9 0000 0000 0000 0000 0000 0000 030f 012c 0063 ffec 0000 0000 010f 02db 0190 016c 0000 0000 0000 0000 0000 0000 0072 0300 0000 0000 02ce 002a 0000 0000 0000 0000 0000 0000
0130 026c 033d 01fb 0000 0000 0071 ff4a 022d 007f fe3a 00a5 0000 0000 0000 0000 0000 0000 0000 0000 0000 0000 0000 0000 01d6 0205 0000 0000 0282 0104 0000 0000 0000 0000 0000 0000
ff8b 0131 0138 ffd0 0000 0000 0000 024f 0466 04d0 00b8 fe3c 0000 0000 0000 0000 0000 0000 0000 0000 0000 0000 0000 0000 ffa6 0000 0000 0000 0103 0036 0000 0000 0000 0000 0000 0000
02ba 015f 0000 0000 fd75 02d5 0000 0000 02e1 ff9c fe0b fe91 0000 0000 0161 020f 0000 0000 ff64 0220 0000 0000 0000 0000 0133 0331 ff91 00e3 01cb 00f9 0000 0000 0000 0000 0000 0000
00ab 02d1 0000 0000 fb73 fff2 0000 0000 0354 001c fc72 0075 0000 0000 0251 0466 0000 0000 015c 039a 0000 0000 0000 0000 ff6a 0335 010c ffb3 0502 0307 0000 0000 0000 0000 0000 0000
0193 01cf 0258 00f3 0000 0000 01f6 ff4a 0264 0118 ff1e ffed 0000 0000 0000 0234 0000 0000 0000 0000 0000 0000 0000 0000 002b 0087 fe08 007b 0135 0035 0000 0000 0000 0000 0000 0000
01c2 0000 ffa3 012c 0000 0000 0000 ff80 0076 00bd 005f ff9e 0000 0000 0130 009f 0000 0000 0000 0000 0000 0000 0000 0000 0140 0000 ff91 ff39 00cd 006e 0000 0000 0000 0000 0000 0000
ff76 00f9 0122 015b 0000 0000 0000 0054 03fa 02c1 0000 0000 0000 0000 0000 01d8 0000 0000 0000 0000 0000 0000 0000 0000 00f0 0298 0079 0161 013a 00b4 0000 0000 0000 0000 0000 0000
01ce 0000 01a3 0160 0000 0000 0018 007f 00cf 009f 0000 0000 0000 0000 0000 0230 0000 0000 0000 0000 0000 0000 0000 0000 0216 00a3 0124 fff4 008e 0251 0000 0000 0000 0000 0000 0000
017b 02a9 fffc 0065 ffc4 045b 0000 0000 02fd fe93 fdc7 ff9f 0000 0000 0043 030b 0000 0000 0000 0000 0000 0000 0000 0000 0000 0000 0000 0000 00f3 0169 0185 0375 0000 0000 0000 0000
0235 0071 0241 00e6 fd0e 0000 0000 0000 0291 0205 fd4f 0000 0000 0000 0000 02a2 0000 0000 0000 0000 0000 0000 0000 0000 0000 0000 0000 0000 01ba 00f5 02fa 0346 0000 0000 0000 0000
0023 023e 0207 00af 0000 0000 0252 fc28 01da 014b 0000 0514 03c7 ff51 0000 0536 0000 0000 0000 0000 0000 0000 00f6 0284 0000 0000 0335 0064 03e1 0215 03a0 0421 0000 0000 0000 0000
00c0 043b 01f1 0239 0000 0000 fd23 0100 0346 026c fc8a ff92 0275 021f 015c 0442 0000 0000 0000 0000 0000 0000 018a 00bc 0000 0000 0216 00c9 008e 008a 04b4 0000 0000 0000 0000 0000
00ce 00ec 0196 00fa 0000 0000 0000 0000 0133 00c0 febb 0042 0000 0000 00b4 00bb 0249 0000 0000 0000 0000 0000 0000 0000 0000 003f 0000 0000 005e 0070 00a9 0000 0000 0000 0000 0000
0186 02ab ff8b 0129 0000 0000 0000 0000 035e 004d 011e 0129 0000 0000 02db 03d4 0482 032d 0000 0000 0000 0000 0000 0000 0230 0276 0000 0000 0214 03d9 0416 0503 0000 0000 0000 0000
0113 01dc 04ef 034f fac1 000f 0000 0000 0101 075f fc9f 0419 0000 0000 0000 0000 0000 0000 0000 0000 0000 0000 0000 0000 03b4 fe24 0000 0000 03a2 016b 0000 0000 0000 0000 0000 0000
052a 0162 02d3 02f9 fb34 0235 0000 0000 03db 0223 fb57 ffba 0000 0000 0000 0000 0000 0000 0000 0000 0000 0000 0000 0000 030c 03ae 0000 0000 047f ff79 0000 0000 0000 0000 0000 0000
04c0 000c 0052 01d9 fd77 01ec fe9a fff7 01c7 ffc1 0000 0000 0000 0000 fef0 01ae 0000 0000 0000 0000 ff9f 0380 049d fdcf 0000 0000 0000 0000 0109 0210 0000 0000 0000 0000 0000 0000
001b 03d4 0043 0294 0025 003f 0086 002a 03b4 017e 0000 0000 0000 0000 00fe 01b5 0000 0000 0000 0000 003f ff9d 02ea 00a2 0000 0000 0000 0000 fece 0109 0000 0000 0000 0000 0000 0000
0000 0000 0000 0000 f71b feef f611 fd62 fb20 f7e0 f31f f8ca 0000 0000 f7f5 fd93 0000 0000 0000 0000 0000 0000 0000 0000 fc3b ff50 f9a7 feff f816 f541 f637 fb11 0000 0000 0000 0000
0000 0000 0000 0000 0000 0000 0000 0000 0000 0000 0000 0000 0000 0000 0000 0000 0000 0000 0000 0000 0000 0000 0000 0000 0000 0000 0000 0000 0000 0000 0000 0000 0000 0000 0000 0000
0000 0000 0000 0000 0000 0000 0000 0000 0000 0000 0000 0000 0000 0000 0000 0000 0000 0000 0000 0000 0000 0000 0000 0000 0000 0000 0000 0000 0000 0000 0000 0000 0000 0000 0000 0000
0000 0000 0000 0000 0000 0000 0000 0000 0000 0000 0000 0000 0000 0000 0000 0000 0000 0000 0000 0000 0000 0000 0000 0000 0000 0000 0000 0000 0000 0000 0000 0000 0000 0000 0000 0000
