08 01 00 00 ff 01 00 00 fe fe fc fe 00 00 00 00 00 00 00 00 00 00 00 00 fd ff ff fd fd fc fc 02 09 00 00 00
00 02 00 00 fc 02 00 00 02 02 f9 02 00 00 00 00 00 00 00 00 00 00 00 00 00 04 01 03 01 03 01 02 00 00 00 00
00 00 04 05 00 00 00 09 05 09 fa 05 04 05 00 00 00 00 00 00 00 00 00 00 0b 02 03 07 09 07 00 00 00 00 00 00
00 00 03 06 00 00 01 05 06 07 ff 05 04 02 00 00 00 00 00 00 00 00 00 00 06 02 04 02 08 06 00 00 00 00 00 00
05 02 02 03 00 00 00 00 03 04 fc 01 00 00 00 03 00 00 02 02 00 00 00 00 00 00 02 02 04 03 00 00 00 00 00 00
02 00 04 02 00 00 00 00 00 03 fe 04 00 00 01 04 00 00 02 02 00 00 00 00 00 00 02 03 05 03 00 00 00 00 00 00
05 03 02 05 fe 00 00 00 05 06 fc 03 00 00 00 00 00 00 02 01 00 00 03 02 00 00 01 03 09 04 02 05 00 00 00 00
03 01 03 04 f9 01 00 00 01 01 fc 02 00 00 00 00 00 00 05 03 00 00 08 fe 00 00 06 02 02 03 00 06 00 00 00 00
04 01 03 06 00 00 00 05 04 07 fb 02 00 00 00 00 00 00 00 00 00 00 06 ff 06 00 00 00 05 04 02 05 00 00 00 00
09 04 02 06 00 00 02 05 05 07 fa 04 00 00 00 00 00 00 00 00 00 00 05 01 05 03 00 00 04 04 02 06 00 00 00 00
00 00 00 02 00 00 00 00 01 02 fe 00 00 00 02 ff 01 fe 00 00 00 00 02 02 00 00 00 00 03 01 02 02 05 00 00 00
00 00 fe 08 00 00 00 00 05 07 fa 07 00 00 fd 04 01 fa 00 00 00 00 02 fc 00 00 00 00 0a 05 04 fa f7 00 00 00
04 01 00 00 00 00 00 00 01 05 f7 00 00 00 ff fe 00 f9 00 00 00 00 00 00 fd fe 00 00 07 00 00 00 00 00 00 00
07 04 00 00 00 00 00 00 04 06 fd 04 00 00 03 04 03 02 00 00 00 00 00 00 04 02 00 00 06 05 00 00 00 00 00 00
04 03 02 05 00 00 ff 04 04 06 fb 02 00 00 00 00 00 00 00 00 00 00 00 00 05 01 00 00 06 04 00 00 00 00 00 00
04 fe 03 03 00 00 00 06 04 06 fd 02 00 00 00 00 00 00 00 00 00 00 00 00 05 00 00 00 ff 02 00 00 00 00 00 00
06 04 00 00 fd 01 00 00 03 03 fa 01 00 00 01 04 00 00 01 03 00 00 00 00 03 03 01 03 02 04 00 00 00 00 00 00
03 03 00 00 fd 02 00 00 03 02 f9 02 00 00 01 04 00 00 02 03 00 00 00 00 01 02 02 04 05 04 00 00 00 00 00 00
05 03 02 03 00 00 ff 04 02 05 fb 04 00 00 00 04 00 00 00 00 00 00 00 00 02 01 ff 03 07 04 00 00 00 00 00 00
02 00 02 01 00 00 00 03 01 02 ff 02 00 00 ff 02 00 00 00 00 00 00 00 00 04 00 ff 03 02 02 00 00 00 00 00 00
03 03 02 02 00 00 00 04 04 05 00 00 00 00 03 05 00 00 00 00 00 00 00 00 03 02 01 03 06 04 00 00 00 00 00 00
03 00 02 03 00 00 01 03 02 03 00 00 00 00 00 04 00 00 00 00 00 00 00 00 06 01 02 02 03 02 00 00 00 00 00 00
06 05 ff 04 fd 02 00 00 03 04 fd 02 00 00 03 03 00 00 00 00 00 00 00 00 00 00 00 00 01 02 01 05 00 00 00 00
05 02 02 04 fc 00 00 00 04 04 f9 00 00 00 00 04 00 00 00 00 00 00 00 00 00 00 00 00 04 03 01 02 00 00 00 00
04 02 02 03 00 00 02 06 03 02 00 09 03 02 02 03 00 00 00 00 00 00 04 ff 00 00 03 03 08 02 05 07 00 00 00 00
06 04 05 03 00 00 01 09 03 07 fa 04 05 04 04 04 00 00 00 00 00 00 04 05 00 00 03 04 07 09 04 00 00 00 00 00
03 02 02 02 00 00 00 00 01 03 fc 02 00 00 ff 03 ff 00 00 00 00 00 00 00 00 01 00 00 06 03 01 00 00 00 00 00
07 03 02 04 00 00 00 00 04 06 fd 03 00 00 03 05 03 07 00 00 00 00 00 00 07 04 00 00 04 04 03 06 00 00 00 00
fd fd 05 07 f9 06 00 00 04 0b fa 0a 00 00 00 00 00 00 00 00 00 00 00 00 0e fc 00 00 0b 07 00 00 00 00 00 00
0a 03 05 0a f7 ff 00 00 07 0a f4 04 00 00 00 00 00 00 00 00 00 00 00 00 08 01 00 00 0b 08 00 00 00 00 00 00
07 ff 05 06 fa 03 ff 06 02 04 00 00 00 00 fe 04 00 00 00 00 ff 05 06 ff 00 00 00 00 05 07 00 00 00 00 00 00
04 06 03 02 04 ff 04 05 02 05 00 00 00 00 05 03 00 00 00 00 04 02 01 06 00 00 00 00 04 05 00 00 00 00 00 00
00 00 00 00 e3 f6 f7 ee f5 f3 db f1 00 00 f0 f6 00 00 00 00 00 00 00 00 f0 f4 f1 f6 ec f3 f5 f0 00 00 00 00
00 00 00 00 00 00 00 00 00 00 00 00 00 00 00 00 00 00 00 00 00 00 00 00 00 00 00 00 00 00 00 00 00 00 00 00
00 00 00 00 00 00 00 00 00 00 00 00 00 00 00 00 00 00 00 00 00 00 00 00 00 00 00 00 00 00 00 00 00 00 00 00
00 00 00 00 00 00 00 00 00 00 00 00 00 00 00 00 00 00 00 00 00 00 00 00 00 00 00 00 00 00 00 00 00 00 00 00
