30 80 00 00 f0 6a 00 00 f1 1b e2 83 00 00 00 00 00 00 00 00 00 00 00 00 ae 4e f8 7e 67 04 79 bc 45 00 00 00
00 16 00 00 2d ed 00 00 34 81 02 30 00 00 00 00 00 00 00 00 00 00 00 00 00 da 9b 69 e5 10 cf 43 00 00 00 00
00 00 86 d0 00 00 00 d5 41 50 7b 2b 8e 02 00 00 00 00 00 00 00 00 00 00 b0 02 da ec 00 ba 00 00 00 00 00 00
00 00 64 ac 00 00 f4 6d c0 4e ba d9 32 9f 00 00 00 00 00 00 00 00 00 00 9c c0 e3 b1 1f eb 00 00 00 00 00 00
cf 6a ca 50 00 00 00 00 af 45 f9 10 00 00 00 47 00 00 64 a9 00 00 00 00 00 00 10 c2 d0 44 00 00 00 00 00 00
fd 00 a9 53 00 00 00 00 00 1f a1 3a 00 00 ea 69 00 00 63 10 00 00 00 00 00 00 dc 32 f9 c3 00 00 00 00 00 00
1f d3 ec 32 c0 00 00 00 b0 db 32 7e 00 00 00 00 00 00 ee 19 00 00 70 42 00 00 3d ad 23 0d 31 6e 00 00 00 00
eb 43 3b 5b 0b 1d 00 00 5c 8a b6 eb 00 00 00 00 00 00 f3 f2 00 00 41 a1 00 00 db 54 b5 1c 00 24 00 00 00 00
48 20 c6 0b 00 00 00 f3 d1 09 fa 93 00 00 00 00 00 00 00 00 00 00 b6 54 60 00 00 00 4e 98 30 40 00 00 00 00
6e a1 6c 56 00 00 f2 6c bb 87 b4 7c 00 00 00 00 00 00 00 00 00 00 27 8c ef 19 00 00 d6 80 56 51 00 00 00 00
00 00 00 e5 00 00 00 00 ba b2 ee 00 00 00 d1 01 12 e4 00 00 00 00 76 b2 00 00 00 00 ac a5 c0 ec bb 00 00 00
00 00 ce fc 00 00 00 00 3b 4c 2f d0 00 00 ec 78 50 9d 00 00 00 00 2a c3 00 00 00 00 c8 e1 b1 2c 8a 00 00 00
3f 12 00 00 00 00 00 00 67 01 64 00 00 00 8a 09 00 0e 00 00 00 00 00 00 9d af 00 00 02 00 00 00 00 00 00 00
46 44 00 00 00 00 00 00 d0 b6 86 a1 00 00 7c 80 24 2a 00 00 00 00 00 00 20 5d 00 00 20 c6 00 00 00 00 00 00
a0 7a ec 5a 00 00 0c c5 c3 1a 9f 9d 00 00 00 00 00 00 00 00 00 00 00 00 67 de 00 00 7a 7d 00 00 00 00 00 00
12 f8 5e 0b 00 00 00 1b d2 b3 20 90 00 00 00 00 00 00 00 00 00 00 00 00 4c 00 00 00 47 39 00 00 00 00 00 00
42 4c 00 00 bb d2 00 00 92 35 94 14 00 00 d6 e3 00 00 53 9b 00 00 00 00 5c ac e5 df b1 0d 00 00 00 00 00 00
89 8f 00 00 25 38 00 00 82 80 a3 b3 00 00 e5 d0 00 00 87 d0 00 00 00 00 87 b1 39 34 6e f1 00 00 00 00 00 00
be 10 01 f0 00 00 fa a0 81 ee 39 31 00 00 00 bf 00 00 00 00 00 00 00 00 2a 19 2e fc 1e 66 00 00 00 00 00 00
94 00 f2 41 00 00 00 d1 4a d4 28 5b 00 00 ed c7 00 00 00 00 00 00 00 00 ac 00 c3 7a 42 5c 00 00 00 00 00 00
1f e1 8e 94 00 00 00 6f 86 53 00 00 00 00 4e df 00 00 00 00 00 00 00 00 4f 80 2d 49 e9 61 00 00 00 00 00 00
10 00 a5 9e 00 00 93 d2 90 10 00 00 00 00 00 72 00 00 00 00 00 00 00 00 80 b0 f3 a5 76 64 00 00 00 00 00 00
38 6f 0a ef b1 1d 00 00 3a 84 41 0e 00 00 c4 b5 00 00 00 00 00 00 00 00 00 00 00 00 4c 91 1a 1e 00 00 00 00
4f 99 fa 63 23 00 00 00 76 a6 10 00 00 00 00 90 00 00 00 00 00 00 00 00 00 00 00 00 fa ca 22 a6 00 00 00 00
df 1e 7f 62 00 00 b3 fd 5a 8b 00 2b 40 ae 8f 45 00 00 00 00 00 00 76 e2 00 00 2f ed a3 10 37 e5 00 00 00 00
20 2a 8f 41 00 00 b9 51 15 20 53 be eb 53 66 ba 00 00 00 00 00 00 a9 d4 00 00 0b 90 70 7d 32 00 00 00 00 00
dc 32 23 75 00 00 00 00 61 4c f7 d2 00 00 91 4e 05 00 00 00 00 00 00 00 00 7b 00 00 f2 d0 e2 00 00 00 00 00
9a f5 20 e3 00 00 00 00 39 1c d9 ca 00 00 c0 10 a9 00 00 00 00 00 00 00 51 fa 00 00 e5 60 10 a5 00 00 00 00
df 5d a6 b3 d0 e0 00 00 5c e6 41 03 00 00 00 00 00 00 00 00 00 00 00 00 83 93 00 00 3f 70 00 00 00 00 00 00
5e c4 87 6a ed e6 00 00 62 bd 28 21 00 00 00 00 00 00 00 00 00 00 00 00 d1 5f 00 00 ea ae 00 00 00 00 00 00
b6 10 a6 2a d7 f5 5b 7b 7b 83 00 00 00 00 be df 00 00 00 00 30 94 70 50 00 00 00 00 10 2a 00 00 00 00 00 00
a9 33 05 23 a0 9e a6 25 6e 16 00 00 00 00 e2 0f 00 00 00 00 b8 12 5b db 00 00 00 00 f9 b0 00 00 00 00 00 00
00 00 00 00 2c a1 8f a5 5e fd 92 33 00 00 48 97 00 00 00 00 00 00 00 00 28 d0 35 81 00 82 55 af 00 00 00 00
00 00 00 00 00 00 00 00 00 00 00 00 00 00 00 00 00 00 00 00 00 00 00 00 00 00 00 00 00 00 00 00 00 00 00 00
00 00 00 00 00 00 00 00 00 00 00 00 00 00 00 00 00 00 00 00 00 00 00 00 00 00 00 00 00 00 00 00 00 00 00 00
00 00 00 00 00 00 00 00 00 00 00 00 00 00 00 00 00 00 00 00 00 00 00 00 00 00 00 00 00 00 00 00 00 00 00 00
