4f 04 03 03 01 06 03 03 03 02 01 02 03 03 03 03 03 03 03 03 03 03 03 03 02 02 03 02 01 02 01 07 42 03 03 03
05 0b 05 05 01 07 05 05 14 0d 00 0f 05 05 05 05 05 05 05 05 05 05 05 05 05 09 07 0b 0c 0b 06 0f 05 05 05 05
04 04 06 0d 04 04 04 0c 0b 13 00 06 14 0b 04 04 04 04 04 04 04 04 04 04 13 04 06 0a 0d 0d 04 04 04 04 04 04
03 03 06 0c 03 03 0b 09 13 16 02 08 10 08 03 03 03 03 03 03 03 03 03 03 0a 11 05 04 0e 09 03 03 03 03 03 03
0e 0b 0a 0a 04 04 04 04 0d 0b 02 04 04 04 04 12 04 04 05 0b 04 04 04 04 04 04 06 07 12 0a 04 04 04 04 04 04
0b 04 10 0a 04 04 04 04 04 0b 02 0b 04 04 07 0c 04 04 07 09 04 04 04 04 04 04 09 08 0f 0a 04 04 04 04 04 04
08 07 09 0b 01 03 03 03 0f 16 00 06 03 03 03 03 03 03 04 06 03 03 08 07 03 03 06 09 1b 0a 08 0e 03 03 03 03
0b 06 05 0c 01 07 03 03 06 05 02 07 03 03 03 03 03 03 16 09 03 03 13 06 03 03 17 07 08 06 03 11 03 03 03 03
07 05 09 0c 03 03 03 09 09 13 02 0a 03 03 03 03 03 03 03 03 03 03 0e 05 12 03 03 03 0c 09 0a 12 03 03 03 03
1f 07 03 0a 03 03 07 06 0f 12 00 08 03 03 03 03 03 03 03 03 03 03 08 04 14 05 03 03 09 08 08 0c 03 03 03 03
04 04 04 0a 04 04 04 04 08 0c 01 04 04 04 0a 0a 0d 03 04 04 04 04 09 0d 04 04 04 04 0f 09 0a 0e 17 04 04 04
04 04 04 0b 04 04 04 04 06 2d 00 19 04 04 02 08 04 01 04 04 04 04 07 03 04 04 04 04 18 07 0c 01 01 04 04 04
0c 08 04 04 04 04 04 04 0b 25 02 04 04 04 07 0c 04 02 04 04 04 04 04 04 03 04 04 04 1c 04 04 04 04 04 04 04
12 0f 04 04 04 04 04 04 0f 0d 02 08 04 04 0b 0e 0d 06 04 04 04 04 04 04 07 0b 04 04 0f 08 04 04 04 04 04 04
0c 0e 0b 0d 04 04 03 07 0b 0e 01 07 04 04 04 04 04 04 04 04 04 04 04 04 08 07 04 04 18 0c 04 04 04 04 04 04
09 05 08 0a 04 04 04 11 16 2b 02 06 04 04 04 04 04 04 04 04 04 04 04 04 0a 04 04 04 07 09 04 04 04 04 04 04
2c 0d 04 04 01 05 04 04 0b 0a 00 03 04 04 0b 0b 04 04 03 0a 04 04 04 04 07 0c 04 07 08 0c 04 04 04 04 04 04
08 0e 03 03 02 07 03 03 0a 0a 00 08 03 03 0c 12 03 03 08 09 03 03 03 03 04 09 08 08 1e 0c 03 03 03 03 03 03
0c 0d 07 08 04 04 08 05 0c 14 01 07 04 04 04 0f 04 04 04 04 04 04 04 04 06 06 03 08 12 09 04 04 04 04 04 04
0b 04 0a 0b 04 04 04 0d 09 0d 02 10 04 04 02 0b 04 04 04 04 04 04 04 04 10 04 04 09 0b 09 04 04 04 04 04 04
09 09 09 09 03 03 03 0b 0e 14 03 03 03 03 07 0f 03 03 03 03 03 03 03 03 06 07 05 0d 17 0a 03 03 03 03 03 03
0b 04 0a 0b 04 04 03 0c 08 0e 04 04 04 04 04 0e 04 04 04 04 04 04 04 04 1b 03 09 0b 08 0a 04 04 04 04 04 04
23 0f 03 08 01 0e 04 04 0a 08 00 06 04 04 08 0d 04 04 04 04 04 04 04 04 04 04 04 04 07 0a 06 12 04 04 04 04
0b 0b 0a 0a 02 04 04 04 0b 0d 01 04 04 04 04 0c 04 04 04 04 04 04 04 04 04 04 04 04 13 0c 0b 14 04 04 04 04
0e 08 06 06 03 03 05 04 06 06 03 19 0b 04 04 0a 03 03 03 03 03 03 07 03 03 03 09 06 19 07 09 10 03 03 03 03
0d 0e 06 06 03 03 02 0e 08 12 00 04 0e 09 07 0f 03 03 03 03 03 03 0a 08 03 03 05 08 09 0d 0a 03 03 03 03 03
0c 0c 07 09 04 04 04 04 0a 14 01 07 04 04 07 0e 0b 04 04 04 04 04 04 04 04 06 04 04 13 0a 07 04 04 04 04 04
1f 07 03 07 03 03 03 03 0a 09 00 06 03 03 05 0a 0a 0a 03 03 03 03 03 03 0f 06 03 03 0a 11 0b 0e 03 03 03 03
02 01 0c 0e 00 06 02 02 06 1c 00 1f 02 02 02 02 02 02 02 02 02 02 02 02 34 01 02 02 17 0b 02 02 02 02 02 02
26 06 0c 13 00 03 03 03 0f 12 00 07 03 03 03 03 03 03 03 03 03 03 03 03 18 06 03 03 14 0a 03 03 03 03 03 03
28 03 09 0e 00 05 01 0b 0a 07 03 03 03 03 02 0d 03 03 03 03 02 0b 12 02 03 03 03 03 14 10 03 03 03 03 03 03
0a 14 06 07 07 04 08 06 09 0a 04 04 04 04 0f 0c 04 04 04 04 08 05 0b 13 04 04 04 04 08 0b 04 04 04 04 04 04
0d 0d 0d 0d 00 01 00 00 01 00 00 00 0d 0d 00 02 0d 0d 0d 0d 0d 0d 0d 0d 00 02 00 02 00 00 00 00 0d 0d 0d 0d
07 07 07 07 07 07 07 07 07 07 07 07 07 07 07 07 07 07 07 07 07 07 07 07 07 07 07 07 07 07 07 07 07 07 07 07
07 07 07 07 07 07 07 07 07 07 07 07 07 07 07 07 07 07 07 07 07 07 07 07 07 07 07 07 07 07 07 07 07 07 07 07
07 07 07 07 07 07 07 07 07 07 07 07 07 07 07 07 07 07 07 07 07 07 07 07 07 07 07 07 07 07 07 07 07 07 07 07
