00 00 00 00 01 00 00 00 00 00 00 00 00 00 00 00 00 00 00 00 00 00 00 00 00 00 00 00 00 00 00 00 ff 00 00 00 01 00 00 00 00 ff 00 00 00 00 ff 00 00 00 00 01 00 00 01 00 00 00 00 00 00 00 02 00
00 00 00 00 00 00 00 00 00 00 00 00 ff 01 00 00 00 00 00 00 00 00 01 00 00 00 00 00 00 ff 00 00 00 00 00 00 00 00 00 00 00 00 00 00 00 00 00 ff ff 00 00 00 00 00 00 00 00 00 00 00 ff 01 00 00
00 00 00 01 00 00 00 00 00 00 00 00 00 00 00 00 ff 00 00 00 ff 00 02 00 00 00 00 00 00 00 01 00 00 ff 01 00 00 00 00 00 00 00 00 00 00 00 00 ff 00 00 00 00 ff 00 00 00 00 00 00 00 00 01 00 00
00 00 00 00 00 00 00 00 00 00 00 00 00 00 00 00 00 00 00 ff 00 00 01 00 00 00 00 00 00 00 00 00 00 ff 00 00 00 00 00 00 00 00 00 00 00 00 00 00 ff 00 00 00 00 00 00 00 00 00 00 00 00 01 00 00
01 00 00 00 00 00 00 00 00 00 ff 00 00 00 00 00 ff 00 00 00 00 00 01 00 00 00 00 00 00 00 00 00 00 00 00 00 00 00 00 00 00 00 00 00 00 00 00 00 ff 00 ff 00 01 00 00 00 00 00 00 00 00 01 00 00
00 00 00 00 01 00 00 00 00 00 00 00 00 ff 00 00 ff 00 00 01 00 01 02 00 00 00 00 00 00 00 00 00 00 00 00 00 00 00 00 00 00 01 00 01 01 00 00 00 00 00 00 00 00 00 00 00 00 00 00 00 00 01 00 00
00 00 00 00 00 00 00 00 00 00 00 00 00 00 00 00 ff 00 00 00 00 00 01 00 00 00 00 00 00 ff 00 00 00 00 00 00 00 00 00 00 ff 00 00 00 00 00 00 ff ff 00 00 00 ff 00 00 00 01 00 00 00 00 01 00 00
00 00 00 00 00 00 00 00 00 00 00 00 00 00 00 00 ff 00 00 00 00 00 01 00 00 00 00 00 00 00 00 00 00 00 00 00 00 00 00 00 ff 00 00 00 00 00 00 ff 00 00 00 00 ff 00 00 00 01 00 00 00 00 01 00 00
00 00 00 00 00 00 00 00 00 00 00 ff 00 00 00 00 00 00 00 00 00 00 02 00 00 00 01 00 00 00 00 00 00 00 00 00 00 00 00 00 00 00 00 00 00 00 00 00 00 00 00 00 00 00 00 00 ff 00 00 00 00 01 00 00
00 01 00 00 00 00 00 00 00 00 00 00 00 00 00 00 00 00 00 00 00 00 00 00 00 01 00 00 00 ff 00 00 00 00 00 00 00 00 00 00 00 00 00 00 01 ff 00 ff 00 00 00 00 00 01 00 00 00 00 00 00 00 01 00 00
00 01 01 00 00 00 00 00 00 00 00 00 00 00 00 00 ff 00 00 00 00 00 01 00 00 01 00 00 00 00 00 00 00 00 00 00 00 00 00 00 00 00 00 00 00 00 00 00 00 00 00 00 00 00 00 00 00 00 00 00 00 02 00 00
00 01 00 00 00 01 00 00 00 00 00 00 00 00 01 ff ff 00 00 00 00 01 02 00 00 01 ff 00 00 00 00 ff 00 00 01 00 00 00 00 00 00 01 00 00 00 00 00 00 00 ff 00 00 00 00 00 00 00 00 00 00 01 00 00 00
00 00 00 ff 01 00 00 00 00 00 00 00 00 00 ff 00 ff 00 00 00 00 00 01 00 00 00 00 00 00 00 00 00 00 ff 00 00 00 00 00 00 ff 00 00 00 00 00 00 00 00 00 00 00 00 01 00 00 00 00 00 00 00 01 00 00
00 00 00 00 00 00 00 00 ff 00 ff 00 00 00 00 00 ff 00 00 00 00 00 01 00 00 00 00 00 00 00 00 00 00 00 00 00 00 00 00 00 00 00 01 00 00 00 00 ff 00 00 00 00 00 00 00 00 00 00 00 00 00 02 00 00
00 00 00 00 00 00 00 00 00 00 00 00 00 00 00 00 ff 00 00 00 00 01 01 00 00 00 00 00 00 00 00 00 00 00 00 00 00 00 00 00 00 01 00 00 00 00 01 ff 00 00 00 00 00 00 00 00 00 00 00 00 00 01 00 00
00 00 00 00 00 00 00 00 00 00 00 ff 00 00 00 00 ff 00 00 00 00 00 02 00 00 00 00 00 00 00 00 00 00 00 00 01 00 00 00 00 00 01 00 00 00 00 01 00 ff 00 00 00 00 00 00 00 00 00 00 00 00 01 00 00
00 00 00 00 ff 01 01 00 00 00 00 ff 00 00 00 00 ff 00 00 00 00 00 03 00 00 00 00 00 ff 00 00 00 ff 00 00 00 00 00 00 00 00 00 00 00 01 00 00 00 00 00 00 00 00 00 00 00 00 00 00 00 00 00 00 00
00 00 00 00 00 00 00 00 00 00 00 ff 00 00 00 00 00 00 00 00 00 ff 02 00 00 00 00 01 00 00 00 00 00 00 00 00 00 00 00 00 00 00 00 ff 00 00 00 00 00 00 00 01 00 01 ff 01 00 ff 00 00 00 02 00 00
00 01 00 00 00 00 00 00 00 00 00 00 00 00 00 00 ff 00 00 00 00 00 01 ff 00 00 00 00 00 00 00 00 00 00 00 00 00 00 00 00 00 00 00 00 00 00 00 ff 00 00 00 00 00 01 00 00 00 00 ff 00 00 01 00 00
00 01 00 00 ff 00 00 00 ff 00 00 ff 00 00 00 01 ff 00 ff 00 00 00 02 01 00 00 00 00 ff 00 00 00 00 00 01 00 00 00 00 00 00 00 00 ff 00 00 00 00 00 00 00 00 01 00 00 00 00 01 00 00 00 00 00 00
00 00 00 00 00 00 00 00 00 00 00 00 00 00 00 00 ff 00 00 00 00 00 01 00 00 00 00 00 00 00 00 00 00 00 00 00 00 00 00 00 ff 00 00 00 00 00 00 ff ff 00 00 00 00 00 00 00 01 00 00 00 00 00 00 00
00 00 00 00 00 00 00 00 00 00 00 00 00 00 00 00 ff 00 00 00 00 ff 02 00 00 00 00 00 00 00 00 00 00 00 00 00 00 00 01 00 00 00 01 ff 00 00 00 00 00 00 00 00 00 00 00 00 00 00 00 00 00 02 00 01
00 01 ff 01 00 00 00 00 00 00 01 00 00 00 00 00 ff 00 00 ff 00 00 02 00 00 00 00 00 00 00 00 ff 00 00 00 00 00 00 00 00 00 00 00 00 ff 00 ff 00 00 ff 00 00 fe 01 00 00 00 00 00 00 00 00 00 00
00 01 00 00 00 00 00 00 00 00 00 00 00 00 00 00 00 00 00 00 00 00 01 00 00 00 00 00 00 ff 00 00 00 00 00 00 00 00 00 00 00 00 00 00 00 ff 00 ff 00 00 00 00 00 00 00 00 00 00 ff 00 00 01 00 00
00 01 00 00 00 00 00 00 00 00 00 00 00 00 00 00 00 00 00 00 00 00 01 00 00 00 00 00 00 ff 00 00 00 00 00 00 00 00 00 00 00 00 00 00 00 ff 00 ff 00 00 00 00 00 01 00 00 00 00 00 00 00 01 00 00
00 00 00 00 00 00 00 00 00 00 00 ff 00 ff 00 00 ff 00 00 ff 01 00 02 00 00 00 00 00 00 00 00 00 00 00 00 00 00 00 ff 00 00 00 00 00 00 00 00 00 00 00 00 00 00 00 00 00 00 00 00 00 00 01 00 00
00 00 00 00 00 00 00 00 01 00 00 00 00 00 00 00 ff 00 00 00 00 00 02 00 00 00 00 00 00 00 00 00 00 00 00 00 00 00 ff 00 00 00 00 ff 00 00 00 00 00 00 00 00 00 00 00 00 00 00 00 00 00 00 00 00
00 00 00 00 00 00 00 00 00 00 00 00 00 00 00 00 fe 00 00 00 ff 00 01 ff 00 00 00 01 00 00 00 00 ff 00 00 00 00 00 00 00 00 00 00 00 00 00 01 00 00 00 01 00 00 00 00 00 00 00 ff 00 00 00 00 00
ff 00 00 ff 00 00 00 ff 00 00 00 00 00 00 01 00 ff 01 00 00 00 00 02 00 01 00 00 ff 00 01 01 00 00 00 00 00 ff 00 ff 01 01 00 00 00 00 00 00 00 00 00 00 00 00 00 00 00 00 00 ff 00 00 01 00 00
00 00 00 00 00 00 00 00 00 00 00 00 00 00 01 00 ff 00 00 00 ff 00 02 00 01 00 00 00 00 00 01 00 00 00 01 00 00 00 ff 00 00 01 00 00 01 00 00 00 00 00 00 01 00 00 00 00 00 00 00 00 01 01 00 00
00 01 00 01 01 00 00 ff 00 00 00 00 00 00 00 00 fe 00 00 00 00 00 02 00 00 00 00 00 00 00 00 00 00 00 00 00 00 00 00 00 00 00 00 00 00 00 00 00 00 00 00 00 00 00 00 00 00 00 00 00 00 02 00 00
00 01 00 00 00 00 00 00 00 00 00 00 00 00 00 00 ff 00 00 00 00 00 01 00 00 00 00 00 00 00 00 00 00 00 00 00 00 00 00 00 00 00 00 00 00 00 00 fe 00 00 00 00 00 01 00 00 00 00 ff 00 00 01 00 00
00 01 00 00 00 00 00 00 00 00 00 00 00 01 00 00 00 00 00 00 00 00 01 00 00 00 00 01 00 00 00 00 00 00 00 00 00 00 00 00 ff 00 00 00 01 00 00 fe 00 00 00 00 00 01 00 00 00 00 00 00 00 01 00 00
00 01 00 00 01 00 00 00 00 00 00 00 ff 01 00 00 ff 00 00 00 00 00 01 00 00 00 00 00 00 00 00 00 00 ff 00 00 00 00 00 00 ff 00 00 00 00 00 00 ff 00 00 00 00 00 01 00 00 00 00 ff ff 00 02 00 00
00 01 00 00 00 00 00 00 00 00 00 00 00 00 00 00 00 00 00 00 00 00 01 00 00 00 00 00 00 00 00 00 00 00 00 00 00 00 00 00 00 00 00 00 01 ff 00 ff 00 00 00 00 00 01 00 00 00 00 00 00 00 01 00 00
00 00 00 00 01 00 00 00 00 00 00 00 ff 00 00 00 00 00 00 00 00 00 01 00 00 ff 00 00 00 ff 00 00 00 ff 01 00 00 00 00 00 00 00 00 00 00 00 00 ff ff 00 ff 00 00 00 00 00 00 00 00 00 00 01 00 00
00 01 00 00 00 00 00 00 00 00 00 00 00 00 00 00 00 00 00 00 00 00 01 00 00 00 00 00 00 00 00 00 00 00 00 00 00 00 00 00 ff 00 00 00 00 ff 00 ff 00 00 00 00 ff 00 00 00 01 00 ff 00 ff 00 00 00
00 01 00 00 00 02 01 00 00 02 ff 00 00 01 00 ff 04 00 ff 00 00 00 fd ff 02 00 ff ff ff ff 01 00 ff 00 00 00 01 00 ff 01 ff 01 00 00 00 00 00 ff 01 02 00 00 00 00 00 00 ff 00 ff 01 01 ff 02 00
