11 7 8 5 8 15 7 6 4 7 2 4 8 8 11 9 9 0
12 18 10 15 27 17 15 13 8 8 7 9 21 16 30 13 3 0
9 11 4 6 10 11 5 8 3 8 7 5 5 9 15 5 6 0
12 14 10 7 13 13 6 8 6 11 4 15 7 12 18 13 5 0
18 17 10 12 23 17 7 11 7 6 7 13 14 10 17 15 4 0
7 12 6 4 15 15 6 10 10 2 4 10 8 8 19 14 14 0
16 9 9 7 16 16 8 10 12 5 5 4 11 8 18 9 4 0
13 13 7 11 20 12 8 8 4 3 8 4 11 6 13 8 4 0
16 6 9 7 11 16 5 10 7 9 8 7 9 10 15 7 4 0
10 8 3 8 10 12 6 7 3 2 5 1 7 8 15 3 2 0
9 9 5 8 14 7 6 12 6 5 5 7 12 8 15 7 3 0
18 11 9 6 15 12 5 10 8 7 8 8 7 7 10 9 6 0
16 13 10 18 15 19 14 13 8 7 9 14 11 13 26 16 10 0
15 10 6 7 14 12 9 12 11 9 8 7 12 8 17 10 1 0
19 27 23 18 32 32 11 18 10 5 7 15 27 17 37 14 14 0
18 16 14 16 13 9 10 14 7 9 12 14 10 10 21 7 10 0
3 15 39 27 24 52 21 26 15 16 15 11 28 25 33 27 15 0
0 0 0 0 0 0 0 0 0 0 0 0 0 0 0 0 0 0
