11 0 8 0 8 15 0 0 0 0 0 0 8 8 11 9 9 0
0 18 0 15 27 17 15 0 0 0 0 0 21 16 30 0 0 0
9 11 0 0 10 11 0 8 0 8 0 0 0 9 15 0 0 0
12 14 10 0 13 13 0 0 0 11 0 15 0 12 18 13 0 0
18 17 0 12 23 17 0 0 0 0 0 13 14 0 17 15 0 0
0 12 0 0 15 15 0 10 10 0 0 10 0 0 19 14 14 0
16 0 0 0 16 16 0 10 12 0 0 0 11 0 18 0 0 0
13 13 0 11 20 12 0 0 0 0 0 0 11 0 13 0 0 0
16 0 9 0 11 16 0 10 0 9 0 0 9 10 15 0 0 0
10 8 0 8 10 12 0 7 0 0 0 0 7 8 15 0 0 0
9 9 0 8 14 0 0 12 0 0 0 0 12 8 15 0 0 0
18 11 9 0 15 12 0 10 0 0 0 0 0 0 10 9 0 0
16 13 0 18 15 19 14 13 0 0 0 14 0 13 26 16 0 0
15 10 0 0 14 12 0 12 11 0 0 0 12 0 17 10 0 0
19 27 23 0 32 32 0 0 0 0 0 0 27 0 37 0 0 0
18 16 14 16 13 0 0 14 0 0 12 14 0 0 21 0 0 0
0 0 39 27 24 52 0 26 0 0 0 0 28 25 33 27 0 0
0 0 0 0 0 0 0 0 0 0 0 0 0 0 0 0 0 0
