13.1875 2.5000 0.0000 0.0000 -6.0664 3.4141 0.0000 0.0000 2.9453 1.1055 -5.1172 1.5156 0.0000 0.0000 0.0000 0.0000 0.0000 0.0000 0.0000 0.0000 0.0000 0.0000 0.0000 0.0000 1.6797 0.3047 2.9688 0.4922 -1.5977 3.0195 -2.5312 2.7344 12.2734 0.0000 0.0000 0.0000
0.0000 4.0898 0.0000 0.0000 -2.8281 1.9258 0.0000 0.0000 5.2070 5.5078 -6.9922 4.1875 0.0000 0.0000 0.0000 0.0000 0.0000 0.0000 0.0000 0.0000 0.0000 0.0000 0.0000 0.0000 0.0000 -0.1523 -0.3984 3.4102 4.8984 2.0664 -0.1953 4.2656 0.0000 0.0000 0.0000 0.0000
0.0000 0.0000 -1.4766 2.8125 0.0000 0.0000 0.0000 -0.1680 0.2578 3.3125 -12.5234 -4.8359 3.5547 0.0117 0.0000 0.0000 0.0000 0.0000 0.0000 0.0000 0.0000 0.0000 0.0000 0.0000 -1.3125 -3.9922 -1.1523 -2.0820 -3.0000 -0.2773 0.0000 0.0000 0.0000 0.0000 0.0000 0.0000
0.0000 0.0000 1.3945 2.6719 0.0000 0.0000 3.9570 2.4258 3.7539 3.3047 -1.2773 0.8477 5.1992 1.6211 0.0000 0.0000 0.0000 0.0000 0.0000 0.0000 0.0000 0.0000 0.0000 0.0000 -0.3945 5.7500 -2.1133 -1.3086 0.1211 -0.0859 0.0000 0.0000 0.0000 0.0000 0.0000 0.0000
1.8086 4.4141 1.7891 2.3125 0.0000 0.0000 0.0000 0.0000 2.6836 1.2734 -0.0312 0.0664 0.0000 0.0000 0.0000 4.2812 0.0000 0.0000 -0.6094 1.6602 0.0000 0.0000 0.0000 0.0000 0.0000 0.0000 1.0664 1.7617 4.8164 1.2695 0.0000 0.0000 0.0000 0.0000 0.0000 0.0000
3.9883 0.0000 3.6602 2.3281 0.0000 0.0000 0.0000 0.0000 0.0000 3.1211 -4.3711 2.2266 0.0000 0.0000 2.9141 2.4102 0.0000 0.0000 0.3906 2.0625 0.0000 0.0000 0.0000 0.0000 0.0000 0.0000 2.8594 1.1992 4.9727 3.7656 0.0000 0.0000 0.0000 0.0000 0.0000 0.0000
1.1211 1.8281 2.9219 1.1992 -2.2500 0.0000 0.0000 0.0000 1.6914 4.8555 -6.8047 1.4922 0.0000 0.0000 0.0000 0.0000 0.0000 0.0000 -1.0742 1.0977 0.0000 0.0000 1.4414 4.2617 0.0000 0.0000 1.2383 3.6758 4.1406 2.0508 1.1953 2.4297 0.0000 0.0000 0.0000 0.0000
2.9180 4.2656 0.2305 3.3555 1.0430 0.1133 0.0000 0.0000 3.3594 2.5391 3.7148 0.9180 0.0000 0.0000 0.0000 0.0000 0.0000 0.0000 0.9531 3.9492 0.0000 0.0000 2.2578 5.6328 0.0000 0.0000 0.8555 1.3320 1.7109 1.1094 0.0000 3.1445 0.0000 0.0000 0.0000 0.0000
-1.7188 3.1289 2.7773 1.0430 0.0000 0.0000 0.0000 3.9531 1.8203 5.0352 2.9766 4.5781 0.0000 0.0000 0.0000 0.0000 0.0000 0.0000 0.0000 0.0000 0.0000 0.0000 1.7148 3.3320 3.3789 0.0000 0.0000 0.0000 2.3047 1.5938 3.1914 5.2539 0.0000 0.0000 0.0000 0.0000
6.4297 2.6328 -3.5820 2.3398 0.0000 0.0000 0.9492 0.4219 2.7305 4.5312 -6.2969 1.4844 0.0000 0.0000 0.0000 0.0000 0.0000 0.0000 0.0000 0.0000 0.0000 0.0000 -0.8477 -1.4570 6.9336 -2.9062 0.0000 0.0000 1.8398 1.5000 2.3398 0.3203 0.0000 0.0000 0.0000 0.0000
0.0000 0.0000 0.0000 2.8984 0.0000 0.0000 0.0000 0.0000 3.7266 4.6992 -4.0742 0.0000 0.0000 0.0000 6.8203 7.0078 7.0742 -0.1094 0.0000 0.0000 0.0000 0.0000 3.4648 7.6992 0.0000 0.0000 0.0000 0.0000 7.6719 4.6484 2.7500 6.9219 6.7305 0.0000 0.0000 0.0000
0.0000 0.0000 -0.1992 -2.0195 0.0000 0.0000 0.0000 0.0000 -2.7734 3.2969 -3.8203 6.8164 0.0000 0.0000 -1.0820 0.4688 0.3125 -4.3906 0.0000 0.0000 0.0000 0.0000 -1.8398 0.7656 0.0000 0.0000 0.0000 0.0000 -0.2188 0.8828 1.6953 -1.8320 -0.4648 0.0000 0.0000 0.0000
1.2461 3.0742 0.0000 0.0000 0.0000 0.0000 0.0000 0.0000 3.4062 7.0078 2.3945 0.0000 0.0000 0.0000 5.5391 6.0352 0.0000 1.0547 0.0000 0.0000 0.0000 0.0000 0.0000 0.0000 1.6133 0.6836 0.0000 0.0000 7.0117 0.0000 0.0000 0.0000 0.0000 0.0000 0.0000 0.0000
3.2773 3.2695 0.0000 0.0000 0.0000 0.0000 0.0000 0.0000 2.8125 1.7148 -2.4766 1.6328 0.0000 0.0000 3.4844 2.5000 4.1445 -0.8398 0.0000 0.0000 0.0000 0.0000 0.0000 0.0000 0.1289 2.3633 0.0000 0.0000 1.1289 -0.2266 0.0000 0.0000 0.0000 0.0000 0.0000 0.0000
2.6289 3.4766 1.9219 1.3516 0.0000 0.0000 -0.9570 0.7734 0.7656 2.1016 -3.3828 0.6133 0.0000 0.0000 0.0000 0.0000 0.0000 0.0000 0.0000 0.0000 0.0000 0.0000 0.0000 0.0000 -2.5977 0.8672 0.0000 0.0000 4.4766 2.4883 0.0000 0.0000 0.0000 0.0000 0.0000 0.0000
3.0742 2.9688 1.3672 4.0430 0.0000 0.0000 0.0000 3.1055 4.8242 7.7031 -1.8750 2.5664 0.0000 0.0000 0.0000 0.0000 0.0000 0.0000 0.0000 0.0000 0.0000 0.0000 0.0000 0.0000 2.2969 0.0000 0.0000 0.0000 4.2812 4.2227 0.0000 0.0000 0.0000 0.0000 0.0000 0.0000
10.2617 4.2969 0.0000 0.0000 -2.2734 -1.1797 0.0000 0.0000 2.5742 5.2109 -5.4219 -0.9219 0.0000 0.0000 5.8398 1.8906 0.0000 0.0000 -0.6758 2.6055 0.0000 0.0000 0.0000 0.0000 0.3594 2.6719 -0.1055 0.8711 1.6953 4.0508 0.0000 0.0000 0.0000 0.0000 0.0000 0.0000
2.5352 4.5586 0.0000 0.0000 5.1484 3.2188 0.0000 0.0000 1.5117 5.5039 -0.3633 3.7031 0.0000 0.0000 5.8984 3.8164 0.0000 0.0000 2.5312 0.8125 0.0000 0.0000 0.0000 0.0000 1.5312 1.6953 3.2227 2.2070 6.4297 1.9453 0.0000 0.0000 0.0000 0.0000 0.0000 0.0000
1.7422 4.0625 0.0078 0.9414 0.0000 0.0000 3.9766 -1.3750 3.5078 5.9297 -0.7812 0.1953 0.0000 0.0000 0.0000 3.7461 0.0000 0.0000 0.0000 0.0000 0.0000 0.0000 0.0000 0.0000 1.1641 1.0977 0.1797 0.9844 3.1172 1.4023 0.0000 0.0000 0.0000 0.0000 0.0000 0.0000
3.5820 0.0000 4.9492 5.2578 0.0000 0.0000 0.0000 5.8203 4.2891 5.8320 -5.8438 8.3555 0.0000 0.0000 -4.0781 4.7812 0.0000 0.0000 0.0000 0.0000 0.0000 0.0000 0.0000 0.0000 4.6719 0.0000 1.7656 3.4766 4.2617 3.3594 0.0000 0.0000 0.0000 0.0000 0.0000 0.0000
4.1211 2.8828 3.5547 3.5820 0.0000 0.0000 0.0000 4.4336 2.5273 5.3281 0.0000 0.0000 0.0000 0.0000 2.3047 3.8711 0.0000 0.0000 0.0000 0.0000 0.0000 0.0000 0.0000 0.0000 0.3086 0.5039 1.1758 5.2852 6.9102 3.3828 0.0000 0.0000 0.0000 0.0000 0.0000 0.0000
3.0625 0.0000 3.6484 3.6172 0.0000 0.0000 -2.4258 4.8242 2.5664 6.0664 0.0000 0.0000 0.0000 0.0000 0.0000 3.4492 0.0000 0.0000 0.0000 0.0000 0.0000 0.0000 0.0000 0.0000 6.5000 -3.3164 2.9531 5.6484 1.4648 2.3945 0.0000 0.0000 0.0000 0.0000 0.0000 0.0000
9.2188 2.4336 -0.9648 0.9336 -3.3086 3.1133 0.0000 0.0000 1.2266 2.5195 -6.7461 1.0547 0.0000 0.0000 1.7695 2.7109 0.0000 0.0000 0.0000 0.0000 0.0000 0.0000 0.0000 0.0000 0.0000 0.0000 0.0000 0.0000 2.2969 3.5703 0.1016 3.1172 0.0000 0.0000 0.0000 0.0000
0.3086 4.5977 1.9766 1.3906 3.1406 0.0000 0.0000 0.0000 0.4648 2.6523 1.0664 0.0000 0.0000 0.0000 0.0000 1.5625 0.0000 0.0000 0.0000 0.0000 0.0000 0.0000 0.0000 0.0000 0.0000 0.0000 0.0000 0.0000 5.9766 3.7891 3.1367 6.6523 0.0000 0.0000 0.0000 0.0000
6.8711 2.1172 0.4961 0.3867 0.0000 0.0000 -1.3008 -1.0156 -0.6523 0.5430 0.0000 1.1680 2.2539 -0.3242 -0.4453 0.2734 0.0000 0.0000 0.0000 0.0000 0.0000 0.0000 0.4648 -1.1172 0.0000 0.0000 1.1836 0.9258 3.6406 1.0664 -0.7852 0.8984 0.0000 0.0000 0.0000 0.0000
4.1250 3.1641 -1.4453 0.2578 0.0000 0.0000 -0.2812 1.3203 1.0859 4.1250 -3.6758 -2.2617 3.9180 2.3281 1.4023 3.7266 0.0000 0.0000 0.0000 0.0000 0.0000 0.0000 3.6602 1.8320 0.0000 0.0000 -0.9609 2.5625 0.4375 1.4883 0.1992 0.0000 0.0000 0.0000 0.0000 0.0000
3.8594 5.1992 0.1406 2.4609 0.0000 0.0000 0.0000 0.0000 4.3828 8.2969 -2.0352 1.8242 0.0000 0.0000 4.5703 5.3047 6.0234 0.0000 0.0000 0.0000 0.0000 0.0000 0.0000 0.0000 0.0000 1.4805 0.0000 0.0000 4.9492 2.8164 1.8867 0.0000 0.0000 0.0000 0.0000 0.0000
8.6016 -0.0430 -1.8789 -0.1133 0.0000 0.0000 0.0000 0.0000 1.2227 1.1094 -12.1562 -0.2148 0.0000 0.0000 -3.2539 -0.9375 0.6602 -2.0000 0.0000 0.0000 0.0000 0.0000 0.0000 0.0000 2.3203 -2.0273 0.0000 0.0000 1.8984 4.3750 2.0664 -0.3555 0.0000 0.0000 0.0000 0.0000
0.8711 -2.6406 1.6523 2.7031 -2.1875 -0.1250 0.0000 0.0000 1.3594 -0.1016 -4.7461 5.0156 0.0000 0.0000 0.0000 0.0000 0.0000 0.0000 0.0000 0.0000 0.0000 0.0000 0.0000 0.0000 5.5156 -2.4258 0.0000 0.0000 2.2461 2.4375 0.0000 0.0000 0.0000 0.0000 0.0000 0.0000
4.3672 0.7695 2.5312 1.4141 -4.0781 -1.1016 0.0000 0.0000 1.3867 1.7383 -3.8438 3.1328 0.0000 0.0000 0.0000 0.0000 0.0000 0.0000 0.0000 0.0000 0.0000 0.0000 0.0000 0.0000 4.8203 0.3711 0.0000 0.0000 -1.0898 1.6797 0.0000 0.0000 0.0000 0.0000 0.0000 0.0000
7.7148 1.0625 2.6523 3.1641 -6.1602 -2.0430 -2.6484 3.4805 4.4805 2.5156 0.0000 0.0000 0.0000 0.0000 -0.2617 4.8711 0.0000 0.0000 0.0000 0.0000 -2.8125 0.5820 2.4414 0.3164 0.0000 0.0000 0.0000 0.0000 8.0625 3.1641 0.0000 0.0000 0.0000 0.0000 0.0000 0.0000
3.6602 3.2031 1.0234 0.1406 0.6250 1.6172 1.6523 -1.8555 1.4297 1.0898 0.0000 0.0000 0.0000 0.0000 4.8867 4.0586 0.0000 0.0000 0.0000 0.0000 1.7188 1.0742 4.3555 5.8555 0.0000 0.0000 0.0000 0.0000 2.9727 2.6875 0.0000 0.0000 0.0000 0.0000 0.0000 0.0000
0.0000 0.0000 0.0000 0.0000 -7.8320 -4.3711 -2.4453 -4.3555 -1.6367 -0.0156 -9.4297 -4.8008 0.0000 0.0000 -4.7188 -2.4102 0.0000 0.0000 0.0000 0.0000 0.0000 0.0000 0.0000 0.0000 -4.8438 -2.1914 -4.7930 -2.4961 -4.0000 -1.4922 -3.6680 -6.3203 0.0000 0.0000 0.0000 0.0000
0.0000 0.0000 0.0000 0.0000 0.0000 0.0000 0.0000 0.0000 0.0000 0.0000 0.0000 0.0000 0.0000 0.0000 0.0000 0.0000 0.0000 0.0000 0.0000 0.0000 0.0000 0.0000 0.0000 0.0000 0.0000 0.0000 0.0000 0.0000 0.0000 0.0000 0.0000 0.0000 0.0000 0.0000 0.0000 0.0000
0.0000 0.0000 0.0000 0.0000 0.0000 0.0000 0.0000 0.0000 0.0000 0.0000 0.0000 0.0000 0.0000 0.0000 0.0000 0.0000 0.0000 0.0000 0.0000 0.0000 0.0000 0.0000 0.0000 0.0000 0.0000 0.0000 0.0000 0.0000 0.0000 0.0000 0.0000 0.0000 0.0000 0.0000 0.0000 0.0000
0.0000 0.0000 0.0000 0.0000 0.0000 0.0000 0.0000 0.0000 0.0000 0.0000 0.0000 0.0000 0.0000 0.0000 0.0000 0.0000 0.0000 0.0000 0.0000 0.0000 0.0000 0.0000 0.0000 0.0000 0.0000 0.0000 0.0000 0.0000 0.0000 0.0000 0.0000 0.0000 0.0000 0.0000 0.0000 0.0000
