25.3516 2.7383 0.0000 0.0000 -5.6445 5.3555 0.0000 0.0000 0.0469 -3.2188 -8.4688 -1.0938 0.0000 0.0000 0.0000 0.0000 0.0000 0.0000 0.0000 0.0000 0.0000 0.0000 0.0000 0.0000 -2.0078 -2.9023 0.7891 -2.3828 -9.1836 -1.5898 -8.8477 6.1406 23.8711 0.0000 0.0000 0.0000
0.0000 6.7305 0.0000 0.0000 -10.6836 2.8164 0.0000 0.0000 11.2617 7.8945 -17.3906 8.6641 0.0000 0.0000 0.0000 0.0000 0.0000 0.0000 0.0000 0.0000 0.0000 0.0000 0.0000 0.0000 0.0000 5.0547 2.6328 6.1133 7.0078 6.3203 1.5000 8.7656 0.0000 0.0000 0.0000 0.0000
0.0000 0.0000 3.4414 9.4141 0.0000 0.0000 0.0000 8.8984 8.1094 12.6406 -20.2500 3.2969 12.7305 8.2227 0.0000 0.0000 0.0000 0.0000 0.0000 0.0000 0.0000 0.0000 0.0000 0.0000 12.2812 0.5078 3.2266 7.1953 9.6992 9.7031 0.0000 0.0000 0.0000 0.0000 0.0000 0.0000
0.0000 0.0000 4.5430 9.6914 0.0000 0.0000 8.8242 7.5234 12.9531 14.3672 -2.1562 6.2031 12.0156 6.5391 0.0000 0.0000 0.0000 0.0000 0.0000 0.0000 0.0000 0.0000 0.0000 0.0000 7.7969 12.2109 3.1289 1.3984 10.6133 7.1484 0.0000 0.0000 0.0000 0.0000 0.0000 0.0000
9.1367 6.9766 6.0781 6.5547 0.0000 0.0000 0.0000 0.0000 8.6680 7.1016 -6.6953 0.0352 0.0000 0.0000 0.0000 10.8945 0.0000 0.0000 0.9023 7.3594 0.0000 0.0000 0.0000 0.0000 0.0000 0.0000 2.3398 3.2422 11.0859 6.4844 0.0000 0.0000 0.0000 0.0000 0.0000 0.0000
6.8789 0.0000 9.4219 6.0938 0.0000 0.0000 0.0000 0.0000 0.0000 6.7422 -6.9062 6.8320 0.0000 0.0000 2.9648 7.4648 0.0000 0.0000 2.9180 5.3984 0.0000 0.0000 0.0000 0.0000 0.0000 0.0000 5.1914 4.4414 9.2773 6.2773 0.0000 0.0000 0.0000 0.0000 0.0000 0.0000
6.4336 5.5156 7.4883 8.8086 -6.8906 0.0000 0.0000 0.0000 11.1641 14.2383 -12.8516 4.7461 0.0000 0.0000 0.0000 0.0000 0.0000 0.0000 1.8672 4.6953 0.0000 0.0000 6.3359 5.5508 0.0000 0.0000 4.5195 7.4844 15.5898 8.1289 6.2266 10.5312 0.0000 0.0000 0.0000 0.0000
8.1797 4.5391 2.6484 9.1875 -6.7461 5.5820 0.0000 0.0000 3.6484 1.8711 -3.1875 4.6367 0.0000 0.0000 0.0000 0.0000 0.0000 0.0000 13.7344 6.6680 0.0000 0.0000 12.8477 4.2031 0.0000 0.0000 14.3281 4.6758 5.7695 4.5273 0.0000 11.9531 0.0000 0.0000 0.0000 0.0000
5.1016 3.0586 6.7109 9.2031 0.0000 0.0000 0.0000 7.3477 6.6562 12.8828 -4.0703 7.8984 0.0000 0.0000 0.0000 0.0000 0.0000 0.0000 0.0000 0.0000 0.0000 0.0000 10.2422 2.4023 12.4141 0.0000 0.0000 0.0000 9.2344 6.7148 7.5859 12.3477 0.0000 0.0000 0.0000 0.0000
17.2461 5.9766 0.0156 8.7461 0.0000 0.0000 5.7812 4.9648 11.6523 13.0742 -13.3281 6.5312 0.0000 0.0000 0.0000 0.0000 0.0000 0.0000 0.0000 0.0000 0.0000 0.0000 7.0820 0.7422 13.8633 3.2422 0.0000 0.0000 7.5625 6.4297 7.0977 9.9375 0.0000 0.0000 0.0000 0.0000
0.0000 0.0000 0.0000 7.4219 0.0000 0.0000 0.0000 0.0000 5.7500 9.0273 -6.6719 0.0000 0.0000 0.0000 7.7383 7.2930 9.1719 -0.3789 0.0000 0.0000 0.0000 0.0000 6.5898 9.4922 0.0000 0.0000 0.0000 0.0000 10.3281 6.6992 7.5508 10.0352 13.7305 0.0000 0.0000 0.0000
0.0000 0.0000 -0.9648 7.0195 0.0000 0.0000 0.0000 0.0000 3.3203 18.2344 -12.1289 13.5820 0.0000 0.0000 -4.5156 4.9453 -0.9492 -7.0547 0.0000 0.0000 0.0000 0.0000 3.5039 -2.8867 0.0000 0.0000 0.0000 0.0000 13.4219 4.3242 8.0820 -8.5312 -10.6445 0.0000 0.0000 0.0000
7.6406 4.6680 0.0000 0.0000 0.0000 0.0000 0.0000 0.0000 6.8047 16.1406 -6.2969 0.0000 0.0000 0.0000 3.0547 7.1172 0.0000 -5.7852 0.0000 0.0000 0.0000 0.0000 0.0000 0.0000 -3.8633 -0.4844 0.0000 0.0000 14.0742 0.0000 0.0000 0.0000 0.0000 0.0000 0.0000 0.0000
11.4648 9.9922 0.0000 0.0000 0.0000 0.0000 0.0000 0.0000 9.8711 8.8867 -5.0859 5.5508 0.0000 0.0000 7.5430 9.3555 8.7070 2.5820 0.0000 0.0000 0.0000 0.0000 0.0000 0.0000 4.5781 7.3672 0.0000 0.0000 9.9336 4.9375 0.0000 0.0000 0.0000 0.0000 0.0000 0.0000
7.8203 8.8984 7.1602 8.3320 0.0000 0.0000 -1.5117 4.0586 6.9414 8.5977 -10.1602 3.2617 0.0000 0.0000 0.0000 0.0000 0.0000 0.0000 0.0000 0.0000 0.0000 0.0000 0.0000 0.0000 4.2422 3.8906 0.0000 0.0000 12.9883 7.5078 0.0000 0.0000 0.0000 0.0000 0.0000 0.0000
6.6133 2.1641 5.5859 6.8555 0.0000 0.0000 0.0000 11.4141 13.2266 18.5195 -4.1562 2.7969 0.0000 0.0000 0.0000 0.0000 0.0000 0.0000 0.0000 0.0000 0.0000 0.0000 0.0000 0.0000 6.9453 0.0000 0.0000 0.0000 4.2969 6.4375 0.0000 0.0000 0.0000 0.0000 0.0000 0.0000
18.9883 9.6680 0.0000 0.0000 -7.8164 2.6562 0.0000 0.0000 8.4570 7.8164 -13.3828 -1.3555 0.0000 0.0000 8.2227 7.9492 0.0000 0.0000 -0.2852 7.7305 0.0000 0.0000 0.0000 0.0000 4.5625 8.8672 0.4609 4.7617 5.4883 9.0234 0.0000 0.0000 0.0000 0.0000 0.0000 0.0000
6.2031 10.3789 0.0000 0.0000 -2.4023 5.1641 0.0000 0.0000 7.8438 7.6133 -10.9180 6.1641 0.0000 0.0000 9.2188 12.2188 0.0000 0.0000 5.8906 7.4141 0.0000 0.0000 0.0000 0.0000 1.9414 6.9062 6.2695 5.9062 16.4414 8.9766 0.0000 0.0000 0.0000 0.0000 0.0000 0.0000
8.3203 8.8711 4.3516 4.8945 0.0000 0.0000 4.9414 1.9102 7.9023 12.0234 -6.6680 4.1172 0.0000 0.0000 0.0000 9.9531 0.0000 0.0000 0.0000 0.0000 0.0000 0.0000 0.0000 0.0000 3.3320 2.6289 -2.7891 4.4648 11.3281 5.6133 0.0000 0.0000 0.0000 0.0000 0.0000 0.0000
7.3438 0.0000 6.5859 7.4297 0.0000 0.0000 0.0000 8.3164 5.7539 8.5703 -6.4727 9.9688 0.0000 0.0000 -3.8906 7.4023 0.0000 0.0000 0.0000 0.0000 0.0000 0.0000 0.0000 0.0000 9.9219 0.0000 0.3320 5.6953 7.0625 5.7891 0.0000 0.0000 0.0000 0.0000 0.0000 0.0000
6.5820 6.8555 6.6914 6.9375 0.0000 0.0000 0.0000 8.7656 10.5039 13.0859 0.0000 0.0000 0.0000 0.0000 5.3086 10.7148 0.0000 0.0000 0.0000 0.0000 0.0000 0.0000 0.0000 0.0000 4.2500 5.0977 2.6484 9.6680 14.1367 8.0898 0.0000 0.0000 0.0000 0.0000 0.0000 0.0000
7.8672 0.0000 7.2891 7.9922 0.0000 0.0000 -1.3320 8.3203 5.3750 9.6875 0.0000 0.0000 0.0000 0.0000 0.0000 9.6367 0.0000 0.0000 0.0000 0.0000 0.0000 0.0000 0.0000 0.0000 14.5898 -1.6758 6.0977 7.6016 5.0195 6.7148 0.0000 0.0000 0.0000 0.0000 0.0000 0.0000
16.6992 10.0938 -1.9844 5.3320 -6.5430 9.4688 0.0000 0.0000 7.2148 5.0938 -11.9688 2.6719 0.0000 0.0000 5.0352 8.7539 0.0000 0.0000 0.0000 0.0000 0.0000 0.0000 0.0000 0.0000 0.0000 0.0000 0.0000 0.0000 4.2500 6.9805 2.6250 11.5781 0.0000 0.0000 0.0000 0.0000
7.5195 7.0430 6.2344 6.2930 -3.8086 0.0000 0.0000 0.0000 7.0352 8.6758 -8.6289 0.0000 0.0000 0.0000 0.0000 8.1992 0.0000 0.0000 0.0000 0.0000 0.0000 0.0000 0.0000 0.0000 0.0000 0.0000 0.0000 0.0000 11.7031 7.7500 7.1133 11.9297 0.0000 0.0000 0.0000 0.0000
11.0117 6.3594 4.5273 4.0703 0.0000 0.0000 3.0234 1.1406 4.1992 3.8359 0.0000 15.2500 9.0352 0.9922 1.5586 8.4883 0.0000 0.0000 0.0000 0.0000 0.0000 0.0000 5.4297 0.4023 0.0000 0.0000 7.3945 4.3203 15.5234 5.1523 7.8398 12.0312 0.0000 0.0000 0.0000 0.0000
10.8750 11.3945 5.5000 5.4805 0.0000 0.0000 -2.1445 11.3242 7.3633 13.5469 -13.1406 1.3086 11.3789 8.4492 6.7617 11.9883 0.0000 0.0000 0.0000 0.0000 0.0000 0.0000 9.1992 7.5664 0.0000 0.0000 4.1289 7.3477 7.9922 11.0273 8.9062 0.0000 0.0000 0.0000 0.0000 0.0000
7.6641 8.1211 3.7305 5.4375 0.0000 0.0000 0.0000 0.0000 6.5859 12.0469 -7.3086 4.0859 0.0000 0.0000 4.2773 9.0352 7.3086 0.0000 0.0000 0.0000 0.0000 0.0000 0.0000 0.0000 0.0000 2.7266 0.0000 0.0000 11.3164 6.2539 3.5469 0.0000 0.0000 0.0000 0.0000 0.0000
17.1289 5.6250 -0.3398 5.0469 0.0000 0.0000 0.0000 0.0000 8.5898 7.4102 -14.0391 3.9453 0.0000 0.0000 2.6016 7.8945 8.1719 8.1758 0.0000 0.0000 0.0000 0.0000 0.0000 0.0000 11.5078 4.4375 0.0000 0.0000 7.9805 12.2227 9.1562 10.6602 0.0000 0.0000 0.0000 0.0000
-1.0508 -3.7812 11.5859 13.0117 -14.4336 5.9336 0.0000 0.0000 6.3672 18.2695 -14.1289 19.1133 0.0000 0.0000 0.0000 0.0000 0.0000 0.0000 0.0000 0.0000 0.0000 0.0000 0.0000 0.0000 23.2227 -8.2852 0.0000 0.0000 16.8828 10.8555 0.0000 0.0000 0.0000 0.0000 0.0000 0.0000
19.5312 5.1562 10.3594 14.3867 -17.8750 0.1094 0.0000 0.0000 12.2422 13.8789 -20.5039 6.8555 0.0000 0.0000 0.0000 0.0000 0.0000 0.0000 0.0000 0.0000 0.0000 0.0000 0.0000 0.0000 15.8672 5.0508 0.0000 0.0000 14.4062 9.1484 0.0000 0.0000 0.0000 0.0000 0.0000 0.0000
19.4688 0.1094 7.9766 11.0117 -14.6953 2.8789 -5.0508 9.4453 8.2617 6.2695 0.0000 0.0000 0.0000 0.0000 -3.3281 10.5508 0.0000 0.0000 0.0000 0.0000 -4.1953 9.0859 13.0547 -2.8789 0.0000 0.0000 0.0000 0.0000 14.0977 12.2305 0.0000 0.0000 0.0000 0.0000 0.0000 0.0000
7.7656 13.0352 4.2891 4.7227 4.7734 0.8633 6.1797 3.3086 7.1367 7.5820 0.0000 0.0000 0.0000 0.0000 10.8789 8.7695 0.0000 0.0000 0.0000 0.0000 5.9648 2.6836 8.2695 12.4922 0.0000 0.0000 0.0000 0.0000 5.7734 8.7227 0.0000 0.0000 0.0000 0.0000 0.0000 0.0000
0.0000 0.0000 0.0000 0.0000 -45.7305 -15.4414 -21.3789 -24.9727 -17.5117 -21.1406 -59.3125 -27.0156 0.0000 0.0000 -28.7617 -14.8359 0.0000 0.0000 0.0000 0.0000 0.0000 0.0000 0.0000 0.0000 -24.6172 -14.8828 -26.1406 -13.5039 -31.9141 -25.2383 -24.4531 -27.2539 0.0000 0.0000 0.0000 0.0000
0.0000 0.0000 0.0000 0.0000 0.0000 0.0000 0.0000 0.0000 0.0000 0.0000 0.0000 0.0000 0.0000 0.0000 0.0000 0.0000 0.0000 0.0000 0.0000 0.0000 0.0000 0.0000 0.0000 0.0000 0.0000 0.0000 0.0000 0.0000 0.0000 0.0000 0.0000 0.0000 0.0000 0.0000 0.0000 0.0000
0.0000 0.0000 0.0000 0.0000 0.0000 0.0000 0.0000 0.0000 0.0000 0.0000 0.0000 0.0000 0.0000 0.0000 0.0000 0.0000 0.0000 0.0000 0.0000 0.0000 0.0000 0.0000 0.0000 0.0000 0.0000 0.0000 0.0000 0.0000 0.0000 0.0000 0.0000 0.0000 0.0000 0.0000 0.0000 0.0000
0.0000 0.0000 0.0000 0.0000 0.0000 0.0000 0.0000 0.0000 0.0000 0.0000 0.0000 0.0000 0.0000 0.0000 0.0000 0.0000 0.0000 0.0000 0.0000 0.0000 0.0000 0.0000 0.0000 0.0000 0.0000 0.0000 0.0000 0.0000 0.0000 0.0000 0.0000 0.0000 0.0000 0.0000 0.0000 0.0000
