8 1 0 0 -1 1 0 0 -2 -2 -4 -2 0 0 0 0 0 0 0 0 0 0 0 0 -3 -1 -1 -3 -3 -4 -4 2 9 0 0 0
0 2 0 0 -4 2 0 0 2 2 -7 2 0 0 0 0 0 0 0 0 0 0 0 0 0 4 1 3 1 3 1 2 0 0 0 0
0 0 4 5 0 0 0 9 5 9 -6 5 4 5 0 0 0 0 0 0 0 0 0 0 11 2 3 7 9 7 0 0 0 0 0 0
0 0 3 6 0 0 1 5 6 7 -1 5 4 2 0 0 0 0 0 0 0 0 0 0 6 2 4 2 8 6 0 0 0 0 0 0
5 2 2 3 0 0 0 0 3 4 -4 1 0 0 0 3 0 0 2 2 0 0 0 0 0 0 2 2 4 3 0 0 0 0 0 0
2 0 4 2 0 0 0 0 0 3 -2 4 0 0 1 4 0 0 2 2 0 0 0 0 0 0 2 3 5 3 0 0 0 0 0 0
5 3 2 5 -2 0 0 0 5 6 -4 3 0 0 0 0 0 0 2 1 0 0 3 2 0 0 1 3 9 4 2 5 0 0 0 0
3 1 3 4 -7 1 0 0 1 1 -4 2 0 0 0 0 0 0 5 3 0 0 8 -2 0 0 6 2 2 3 0 6 0 0 0 0
4 1 3 6 0 0 0 5 4 7 -5 2 0 0 0 0 0 0 0 0 0 0 6 -1 6 0 0 0 5 4 2 5 0 0 0 0
9 4 2 6 0 0 2 5 5 7 -6 4 0 0 0 0 0 0 0 0 0 0 5 1 5 3 0 0 4 4 2 6 0 0 0 0
0 0 0 2 0 0 0 0 1 2 -2 0 0 0 2 -1 1 -2 0 0 0 0 2 2 0 0 0 0 3 1 2 2 5 0 0 0
0 0 -2 8 0 0 0 0 5 7 -6 7 0 0 -3 4 1 -6 0 0 0 0 2 -4 0 0 0 0 10 5 4 -6 -9 0 0 0
4 1 0 0 0 0 0 0 1 5 -9 0 0 0 -1 -2 0 -7 0 0 0 0 0 0 -3 -2 0 0 7 0 0 0 0 0 0 0
7 4 0 0 0 0 0 0 4 6 -3 4 0 0 3 4 3 2 0 0 0 0 0 0 4 2 0 0 6 5 0 0 0 0 0 0
4 3 2 5 0 0 -1 4 4 6 -5 2 0 0 0 0 0 0 0 0 0 0 0 0 5 1 0 0 6 4 0 0 0 0 0 0
4 -2 3 3 0 0 0 6 4 6 -3 2 0 0 0 0 0 0 0 0 0 0 0 0 5 0 0 0 -1 2 0 0 0 0 0 0
6 4 0 0 -3 1 0 0 3 3 -6 1 0 0 1 4 0 0 1 3 0 0 0 0 3 3 1 3 2 4 0 0 0 0 0 0
3 3 0 0 -3 2 0 0 3 2 -7 2 0 0 1 4 0 0 2 3 0 0 0 0 1 2 2 4 5 4 0 0 0 0 0 0
5 3 2 3 0 0 -1 4 2 5 -5 4 0 0 0 4 0 0 0 0 0 0 0 0 2 1 -1 3 7 4 0 0 0 0 0 0
2 0 2 1 0 0 0 3 1 2 -1 2 0 0 -1 2 0 0 0 0 0 0 0 0 4 0 -1 3 2 2 0 0 0 0 0 0
3 3 2 2 0 0 0 4 4 5 0 0 0 0 3 5 0 0 0 0 0 0 0 0 3 2 1 3 6 4 0 0 0 0 0 0
3 0 2 3 0 0 1 3 2 3 0 0 0 0 0 4 0 0 0 0 0 0 0 0 6 1 2 2 3 2 0 0 0 0 0 0
6 5 -1 4 -3 2 0 0 3 4 -3 2 0 0 3 3 0 0 0 0 0 0 0 0 0 0 0 0 1 2 1 5 0 0 0 0
5 2 2 4 -4 0 0 0 4 4 -7 0 0 0 0 4 0 0 0 0 0 0 0 0 0 0 0 0 4 3 1 2 0 0 0 0
4 2 2 3 0 0 2 6 3 2 0 9 3 2 2 3 0 0 0 0 0 0 4 -1 0 0 3 3 8 2 5 7 0 0 0 0
6 4 5 3 0 0 1 9 3 7 -6 4 5 4 4 4 0 0 0 0 0 0 4 5 0 0 3 4 7 9 4 0 0 0 0 0
3 2 2 2 0 0 0 0 1 3 -4 2 0 0 -1 3 -1 0 0 0 0 0 0 0 0 1 0 0 6 3 1 0 0 0 0 0
7 3 2 4 0 0 0 0 4 6 -3 3 0 0 3 5 3 7 0 0 0 0 0 0 7 4 0 0 4 4 3 6 0 0 0 0
-3 -3 5 7 -7 6 0 0 4 11 -6 10 0 0 0 0 0 0 0 0 0 0 0 0 14 -4 0 0 11 7 0 0 0 0 0 0
10 3 5 10 -9 -1 0 0 7 10 -12 4 0 0 0 0 0 0 0 0 0 0 0 0 8 1 0 0 11 8 0 0 0 0 0 0
7 -1 5 6 -6 3 -1 6 2 4 0 0 0 0 -2 4 0 0 0 0 -1 5 6 -1 0 0 0 0 5 7 0 0 0 0 0 0
4 6 3 2 4 -1 4 5 2 5 0 0 0 0 5 3 0 0 0 0 4 2 1 6 0 0 0 0 4 5 0 0 0 0 0 0
0 0 0 0 -29 -10 -9 -18 -11 -13 -37 -15 0 0 -16 -10 0 0 0 0 0 0 0 0 -16 -12 -15 -10 -20 -13 -11 -16 0 0 0 0
0 0 0 0 0 0 0 0 0 0 0 0 0 0 0 0 0 0 0 0 0 0 0 0 0 0 0 0 0 0 0 0 0 0 0 0
0 0 0 0 0 0 0 0 0 0 0 0 0 0 0 0 0 0 0 0 0 0 0 0 0 0 0 0 0 0 0 0 0 0 0 0
0 0 0 0 0 0 0 0 0 0 0 0 0 0 0 0 0 0 0 0 0 0 0 0 0 0 0 0 0 0 0 0 0 0 0 0
