4.1641 -0.7617 0.0000 0.0000 1.4219 0.9414 0.0000 0.0000 -0.8984 -2.3242 0.6484 -0.6094 0.0000 0.0000 0.0000 0.0000 0.0000 0.0000 0.0000 0.0000 0.0000 0.0000 0.0000 0.0000 -0.6875 -2.2070 -1.1797 0.1250 -4.5859 -0.6094 -2.3164 1.4062 2.5977 0.0000 0.0000 0.0000
0.0000 0.6406 0.0000 0.0000 -3.8555 -1.1094 0.0000 0.0000 4.0547 0.3867 -3.3984 2.4766 0.0000 0.0000 0.0000 0.0000 0.0000 0.0000 0.0000 0.0000 0.0000 0.0000 0.0000 0.0000 0.0000 1.2070 2.0312 -0.2969 1.1094 1.2539 0.6953 2.5000 0.0000 0.0000 0.0000 0.0000
0.0000 0.0000 0.9180 1.6016 0.0000 0.0000 0.0000 0.0664 2.8516 0.3281 -1.7266 3.1328 5.1758 3.2109 0.0000 0.0000 0.0000 0.0000 0.0000 0.0000 0.0000 0.0000 0.0000 0.0000 2.5938 2.5000 1.3789 2.2773 3.6992 2.9805 0.0000 0.0000 0.0000 0.0000 0.0000 0.0000
0.0000 0.0000 0.1484 1.0195 0.0000 0.0000 3.8672 0.0977 3.1992 4.0625 0.1211 0.3555 2.8164 2.9180 0.0000 0.0000 0.0000 0.0000 0.0000 0.0000 0.0000 0.0000 0.0000 0.0000 2.1914 4.4609 1.2422 0.7070 2.4922 1.2344 0.0000 0.0000 0.0000 0.0000 0.0000 0.0000
2.3281 0.5625 2.2891 1.2422 0.0000 0.0000 0.0000 0.0000 2.9844 1.8281 -2.6641 -1.0312 0.0000 0.0000 0.0000 3.6133 0.0000 0.0000 -0.4883 3.6992 0.0000 0.0000 0.0000 0.0000 0.0000 0.0000 -0.7266 -0.5195 2.2695 2.2148 0.0000 0.0000 0.0000 0.0000 0.0000 0.0000
0.8906 0.0000 1.7617 1.7656 0.0000 0.0000 0.0000 0.0000 0.0000 0.6211 -0.5352 0.6055 0.0000 0.0000 -0.9492 1.0547 0.0000 0.0000 0.5273 1.3359 0.0000 0.0000 0.0000 0.0000 0.0000 0.0000 0.3320 0.2422 -0.6953 -0.4883 0.0000 0.0000 0.0000 0.0000 0.0000 0.0000
0.3125 0.6875 2.5664 2.6094 -2.6406 0.0000 0.0000 0.0000 4.4727 3.3828 -2.0469 0.2539 0.0000 0.0000 0.0000 0.0000 0.0000 0.0000 0.9414 2.5977 0.0000 0.0000 1.8945 -0.7109 0.0000 0.0000 2.2812 0.8086 2.4492 2.0781 3.0312 3.1016 0.0000 0.0000 0.0000 0.0000
2.2617 -0.7266 -0.5820 1.8320 -0.7891 4.4688 0.0000 0.0000 -0.7109 -1.6680 -2.9023 1.7188 0.0000 0.0000 0.0000 0.0000 0.0000 0.0000 7.7812 -0.2812 0.0000 0.0000 2.5898 0.5703 0.0000 0.0000 7.4727 1.3438 2.0586 0.4180 0.0000 2.8086 0.0000 0.0000 0.0000 0.0000
2.8203 -1.0703 0.9336 2.1602 0.0000 0.0000 0.0000 -1.6055 0.8359 0.8477 -2.0469 1.3203 0.0000 0.0000 0.0000 0.0000 0.0000 0.0000 0.0000 0.0000 0.0000 0.0000 2.5273 0.0703 3.0352 0.0000 0.0000 0.0000 1.9297 1.1211 2.3945 2.0938 0.0000 0.0000 0.0000 0.0000
1.8164 -0.6562 1.5977 0.4062 0.0000 0.0000 2.8320 -0.4570 3.9219 1.5430 -1.0312 1.0469 0.0000 0.0000 0.0000 0.0000 0.0000 0.0000 0.0000 0.0000 0.0000 0.0000 2.9297 1.1992 1.9297 3.1484 0.0000 0.0000 1.7227 0.9297 2.7578 3.6172 0.0000 0.0000 0.0000 0.0000
0.0000 0.0000 0.0000 2.5234 0.0000 0.0000 0.0000 0.0000 1.0234 2.3281 -0.5977 0.0000 0.0000 0.0000 -1.0820 1.2852 1.0977 1.7305 0.0000 0.0000 0.0000 0.0000 1.1250 -0.2070 0.0000 0.0000 0.0000 0.0000 -0.3438 1.0508 2.8008 1.1133 2.0000 0.0000 0.0000 0.0000
0.0000 0.0000 1.2344 1.0391 0.0000 0.0000 0.0000 0.0000 1.0938 7.9375 -2.3086 -0.2344 0.0000 0.0000 -0.4336 0.4766 -2.2617 3.3359 0.0000 0.0000 0.0000 0.0000 3.3438 0.3477 0.0000 0.0000 0.0000 0.0000 3.6406 -1.5586 2.3867 -0.6992 -1.1797 0.0000 0.0000 0.0000
2.3945 0.5938 0.0000 0.0000 0.0000 0.0000 0.0000 0.0000 2.3984 4.1328 0.3086 0.0000 0.0000 0.0000 -1.4844 3.0820 0.0000 0.1602 0.0000 0.0000 0.0000 0.0000 0.0000 0.0000 -2.4766 0.8320 0.0000 0.0000 0.0625 0.0000 0.0000 0.0000 0.0000 0.0000 0.0000 0.0000
1.1875 2.7227 0.0000 0.0000 0.0000 0.0000 0.0000 0.0000 3.0586 1.1719 0.3906 -0.0820 0.0000 0.0000 1.0586 2.8555 1.5625 1.4219 0.0000 0.0000 0.0000 0.0000 0.0000 0.0000 0.4492 3.0039 0.0000 0.0000 2.8047 0.1641 0.0000 0.0000 0.0000 0.0000 0.0000 0.0000
1.1914 2.4219 3.2383 1.9805 0.0000 0.0000 0.4453 -0.7148 2.1758 0.4961 -1.7773 0.6484 0.0000 0.0000 0.0000 0.0000 0.0000 0.0000 0.0000 0.0000 0.0000 0.0000 0.0000 0.0000 1.8398 2.0234 0.0000 0.0000 2.5117 1.0195 0.0000 0.0000 0.0000 0.0000 0.0000 0.0000
-0.4609 1.1953 1.2188 -0.1875 0.0000 0.0000 0.0000 2.3086 4.4023 4.8164 0.7188 -1.7695 0.0000 0.0000 0.0000 0.0000 0.0000 0.0000 0.0000 0.0000 0.0000 0.0000 0.0000 0.0000 -0.3516 0.0000 0.0000 0.0000 1.0156 0.2148 0.0000 0.0000 0.0000 0.0000 0.0000 0.0000
2.7266 1.3711 0.0000 0.0000 -2.5430 2.8359 0.0000 0.0000 2.8828 -0.3945 -1.9609 -1.4336 0.0000 0.0000 1.3828 2.0586 0.0000 0.0000 -0.6094 2.1250 0.0000 0.0000 0.0000 0.0000 1.2031 3.1953 -0.4336 0.8906 1.7930 0.9727 0.0000 0.0000 0.0000 0.0000 0.0000 0.0000
0.6680 2.8203 0.0000 0.0000 -4.5508 -0.0547 0.0000 0.0000 3.3320 0.1094 -3.5547 0.4609 0.0000 0.0000 2.3203 4.4023 0.0000 0.0000 1.3594 3.6016 0.0000 0.0000 0.0000 0.0000 -0.5898 3.2109 1.0469 -0.3008 5.0117 3.0312 0.0000 0.0000 0.0000 0.0000 0.0000 0.0000
1.5781 1.8086 2.3438 0.9531 0.0000 0.0000 1.9648 -0.7148 2.3945 1.0938 -0.8867 -0.0781 0.0000 0.0000 0.0000 2.2070 0.0000 0.0000 0.0000 0.0000 0.0000 0.0000 0.0000 0.0000 0.1680 0.5312 -1.9688 0.4805 1.2109 0.2109 0.0000 0.0000 0.0000 0.0000 0.0000 0.0000
1.7617 0.0000 -0.3633 1.1719 0.0000 0.0000 0.0000 -0.5039 0.4648 0.7383 0.3711 -0.3867 0.0000 0.0000 1.1875 0.6211 0.0000 0.0000 0.0000 0.0000 0.0000 0.0000 0.0000 0.0000 1.2500 0.0000 -0.4336 -0.7812 0.8008 0.4297 0.0000 0.0000 0.0000 0.0000 0.0000 0.0000
-0.5391 0.9727 1.1367 1.3555 0.0000 0.0000 0.0000 0.3320 3.9766 2.7578 0.0000 0.0000 0.0000 0.0000 0.0039 1.8438 0.0000 0.0000 0.0000 0.0000 0.0000 0.0000 0.0000 0.0000 0.9414 2.5938 0.4727 1.3828 1.2266 0.7070 0.0000 0.0000 0.0000 0.0000 0.0000 0.0000
1.8047 0.0000 1.6406 1.3750 0.0000 0.0000 0.0938 0.4961 0.8086 0.6211 0.0000 0.0000 0.0000 0.0000 0.0000 2.1875 0.0000 0.0000 0.0000 0.0000 0.0000 0.0000 0.0000 0.0000 2.0898 0.6406 1.1445 -0.0469 0.5547 2.3203 0.0000 0.0000 0.0000 0.0000 0.0000 0.0000
1.4805 2.6602 -0.0195 0.3984 -0.2344 4.3555 0.0000 0.0000 2.9883 -1.4258 -2.2227 -0.3828 0.0000 0.0000 0.2656 3.0430 0.0000 0.0000 0.0000 0.0000 0.0000 0.0000 0.0000 0.0000 0.0000 0.0000 0.0000 0.0000 0.9531 1.4102 1.5234 3.4609 0.0000 0.0000 0.0000 0.0000
2.2109 0.4453 2.2578 0.9023 -2.9492 0.0000 0.0000 0.0000 2.5703 2.0234 -2.6953 0.0000 0.0000 0.0000 0.0000 2.6367 0.0000 0.0000 0.0000 0.0000 0.0000 0.0000 0.0000 0.0000 0.0000 0.0000 0.0000 0.0000 1.7266 0.9609 2.9766 3.2773 0.0000 0.0000 0.0000 0.0000
0.1406 2.2422 2.0312 0.6836 0.0000 0.0000 2.3242 -3.8438 1.8516 1.2930 0.0000 5.0820 3.7812 -0.6836 0.0039 5.2148 0.0000 0.0000 0.0000 0.0000 0.0000 0.0000 0.9648 2.5195 0.0000 0.0000 3.2109 0.3945 3.8828 2.0859 3.6250 4.1328 0.0000 0.0000 0.0000 0.0000
0.7500 4.2305 1.9453 2.2227 0.0000 0.0000 -2.8633 1.0039 3.2773 2.4219 -3.4648 -0.4297 2.4609 2.1211 1.3594 4.2617 0.0000 0.0000 0.0000 0.0000 0.0000 0.0000 1.5391 0.7344 0.0000 0.0000 2.0898 0.7852 0.5547 0.5391 4.7070 0.0000 0.0000 0.0000 0.0000 0.0000
0.8047 0.9219 1.5898 0.9766 0.0000 0.0000 0.0000 0.0000 1.2031 0.7500 -1.2734 0.2617 0.0000 0.0000 0.7070 0.7305 2.2852 0.0000 0.0000 0.0000 0.0000 0.0000 0.0000 0.0000 0.0000 0.2461 0.0000 0.0000 0.3672 0.4375 0.6602 0.0000 0.0000 0.0000 0.0000 0.0000
1.5273 2.6680 -0.4609 1.1602 0.0000 0.0000 0.0000 0.0000 3.3672 0.3008 1.1172 1.1602 0.0000 0.0000 2.8555 3.8320 4.5117 3.1758 0.0000 0.0000 0.0000 0.0000 0.0000 0.0000 2.1875 2.4648 0.0000 0.0000 2.0820 3.8477 4.0898 5.0156 0.0000 0.0000 0.0000 0.0000
1.0781 1.8594 4.9336 3.3086 -5.2461 0.0586 0.0000 0.0000 1.0078 7.3711 -3.3828 4.0977 0.0000 0.0000 0.0000 0.0000 0.0000 0.0000 0.0000 0.0000 0.0000 0.0000 0.0000 0.0000 3.7070 -1.8594 0.0000 0.0000 3.6367 1.4180 0.0000 0.0000 0.0000 0.0000 0.0000 0.0000
5.1641 1.3867 2.8281 2.9727 -4.7969 2.2109 0.0000 0.0000 3.8555 2.1406 -4.6602 -0.2773 0.0000 0.0000 0.0000 0.0000 0.0000 0.0000 0.0000 0.0000 0.0000 0.0000 0.0000 0.0000 3.0469 3.6797 0.0000 0.0000 4.4961 -0.5312 0.0000 0.0000 0.0000 0.0000 0.0000 0.0000
4.7539 0.0469 0.3242 1.8477 -2.5352 1.9219 -1.4023 -0.0352 1.7812 -0.2461 0.0000 0.0000 0.0000 0.0000 -1.0664 1.6797 0.0000 0.0000 0.0000 0.0000 -0.3828 3.5039 4.6133 -2.1953 0.0000 0.0000 0.0000 0.0000 1.0352 2.0664 0.0000 0.0000 0.0000 0.0000 0.0000 0.0000
0.1055 3.8320 0.2656 2.5820 0.1484 0.2461 0.5273 0.1641 3.7070 1.4922 0.0000 0.0000 0.0000 0.0000 0.9922 1.7109 0.0000 0.0000 0.0000 0.0000 0.2461 -0.3906 2.9141 0.6367 0.0000 0.0000 0.0000 0.0000 -1.1992 1.0352 0.0000 0.0000 0.0000 0.0000 0.0000 0.0000
0.0000 0.0000 0.0000 0.0000 -8.8984 -1.0703 -9.9336 -2.6172 -4.8750 -8.1250 -12.8828 -7.2148 0.0000 0.0000 -8.0430 -2.4258 0.0000 0.0000 0.0000 0.0000 0.0000 0.0000 0.0000 0.0000 -3.7734 -0.6914 -6.3477 -1.0078 -7.9141 -10.7461 -9.7852 -4.9336 0.0000 0.0000 0.0000 0.0000
0.0000 0.0000 0.0000 0.0000 0.0000 0.0000 0.0000 0.0000 0.0000 0.0000 0.0000 0.0000 0.0000 0.0000 0.0000 0.0000 0.0000 0.0000 0.0000 0.0000 0.0000 0.0000 0.0000 0.0000 0.0000 0.0000 0.0000 0.0000 0.0000 0.0000 0.0000 0.0000 0.0000 0.0000 0.0000 0.0000
0.0000 0.0000 0.0000 0.0000 0.0000 0.0000 0.0000 0.0000 0.0000 0.0000 0.0000 0.0000 0.0000 0.0000 0.0000 0.0000 0.0000 0.0000 0.0000 0.0000 0.0000 0.0000 0.0000 0.0000 0.0000 0.0000 0.0000 0.0000 0.0000 0.0000 0.0000 0.0000 0.0000 0.0000 0.0000 0.0000
0.0000 0.0000 0.0000 0.0000 0.0000 0.0000 0.0000 0.0000 0.0000 0.0000 0.0000 0.0000 0.0000 0.0000 0.0000 0.0000 0.0000 0.0000 0.0000 0.0000 0.0000 0.0000 0.0000 0.0000 0.0000 0.0000 0.0000 0.0000 0.0000 0.0000 0.0000 0.0000 0.0000 0.0000 0.0000 0.0000
