0.3117 0.0185 0.0131 0.0131 0.0065 0.0256 0.0131 0.0131 0.0132 0.0088 0.0046 0.0114 0.0131 0.0131 0.0131 0.0131 0.0131 0.0131 0.0131 0.0131 0.0131 0.0131 0.0131 0.0131 0.0102 0.0091 0.0145 0.0097 0.0042 0.0108 0.0043 0.0282 0.2594 0.0131 0.0131 0.0131
0.0200 0.0463 0.0200 0.0200 0.0053 0.0284 0.0200 0.0200 0.0815 0.0537 0.0023 0.0590 0.0200 0.0200 0.0200 0.0200 0.0200 0.0200 0.0200 0.0200 0.0200 0.0200 0.0200 0.0200 0.0200 0.0376 0.0277 0.0430 0.0479 0.0440 0.0241 0.0597 0.0200 0.0200 0.0200 0.0200
0.0161 0.0161 0.0248 0.0522 0.0161 0.0161 0.0161 0.0490 0.0445 0.0780 0.0013 0.0244 0.0790 0.0450 0.0161 0.0161 0.0161 0.0161 0.0161 0.0161 0.0161 0.0161 0.0161 0.0161 0.0748 0.0171 0.0241 0.0396 0.0541 0.0541 0.0161 0.0161 0.0161 0.0161 0.0161 0.0161
0.0148 0.0148 0.0261 0.0497 0.0148 0.0148 0.0445 0.0379 0.0746 0.0892 0.0113 0.0321 0.0663 0.0335 0.0148 0.0148 0.0148 0.0148 0.0148 0.0148 0.0148 0.0148 0.0148 0.0148 0.0393 0.0681 0.0219 0.0176 0.0558 0.0362 0.0148 0.0148 0.0148 0.0148 0.0148 0.0148
0.0575 0.0439 0.0392 0.0418 0.0184 0.0184 0.0184 0.0184 0.0543 0.0446 0.0080 0.0185 0.0184 0.0184 0.0184 0.0719 0.0184 0.0184 0.0206 0.0462 0.0184 0.0184 0.0184 0.0184 0.0184 0.0184 0.0246 0.0276 0.0736 0.0414 0.0184 0.0184 0.0184 0.0184 0.0184 0.0184
0.0460 0.0195 0.0634 0.0418 0.0195 0.0195 0.0195 0.0195 0.0195 0.0453 0.0082 0.0459 0.0195 0.0195 0.0283 0.0496 0.0195 0.0195 0.0280 0.0383 0.0195 0.0195 0.0195 0.0195 0.0195 0.0195 0.0373 0.0340 0.0622 0.0428 0.0195 0.0195 0.0195 0.0195 0.0195 0.0195
0.0336 0.0299 0.0384 0.0453 0.0064 0.0150 0.0150 0.0150 0.0607 0.0893 0.0030 0.0272 0.0150 0.0150 0.0150 0.0150 0.0150 0.0150 0.0190 0.0270 0.0150 0.0150 0.0332 0.0302 0.0150 0.0150 0.0265 0.0384 0.1057 0.0415 0.0327 0.0561 0.0150 0.0150 0.0150 0.0150
0.0432 0.0273 0.0216 0.0489 0.0067 0.0312 0.0155 0.0155 0.0245 0.0196 0.0104 0.0277 0.0155 0.0155 0.0155 0.0155 0.0155 0.0155 0.0866 0.0357 0.0155 0.0155 0.0773 0.0262 0.0155 0.0155 0.0929 0.0279 0.0320 0.0273 0.0155 0.0690 0.0155 0.0155 0.0155 0.0155
0.0294 0.0228 0.0360 0.0490 0.0155 0.0155 0.0155 0.0389 0.0357 0.0777 0.0094 0.0418 0.0155 0.0155 0.0155 0.0155 0.0155 0.0155 0.0155 0.0155 0.0155 0.0155 0.0560 0.0210 0.0733 0.0155 0.0155 0.0155 0.0494 0.0360 0.0402 0.0727 0.0155 0.0155 0.0155 0.0155
0.1236 0.0302 0.0143 0.0427 0.0143 0.0143 0.0295 0.0266 0.0614 0.0732 0.0027 0.0324 0.0143 0.0143 0.0143 0.0143 0.0143 0.0143 0.0143 0.0143 0.0143 0.0143 0.0347 0.0157 0.0810 0.0215 0.0143 0.0143 0.0368 0.0320 0.0347 0.0495 0.0143 0.0143 0.0143 0.0143
0.0163 0.0163 0.0163 0.0412 0.0163 0.0163 0.0163 0.0163 0.0334 0.0503 0.0071 0.0163 0.0163 0.0163 0.0429 0.0404 0.0513 0.0155 0.0163 0.0163 0.0163 0.0163 0.0371 0.0533 0.0163 0.0163 0.0163 0.0163 0.0590 0.0375 0.0419 0.0570 0.0904 0.0163 0.0163 0.0163
0.0180 0.0180 0.0159 0.0432 0.0180 0.0180 0.0180 0.0180 0.0272 0.1758 0.0039 0.0982 0.0180 0.0180 0.0102 0.0333 0.0160 0.0074 0.0180 0.0180 0.0180 0.0180 0.0278 0.0125 0.0180 0.0180 0.0180 0.0180 0.0963 0.0308 0.0494 0.0062 0.0047 0.0180 0.0180 0.0180
0.0504 0.0348 0.0194 0.0194 0.0194 0.0194 0.0194 0.0194 0.0456 0.1459 0.0088 0.0194 0.0194 0.0194 0.0285 0.0474 0.0194 0.0094 0.0194 0.0194 0.0194 0.0194 0.0194 0.0194 0.0120 0.0183 0.0194 0.0194 0.1128 0.0194 0.0194 0.0194 0.0194 0.0194 0.0194 0.0194
0.0718 0.0597 0.0171 0.0171 0.0171 0.0171 0.0171 0.0171 0.0588 0.0519 0.0091 0.0343 0.0171 0.0171 0.0439 0.0550 0.0509 0.0237 0.0171 0.0171 0.0171 0.0171 0.0171 0.0171 0.0303 0.0430 0.0171 0.0171 0.0593 0.0317 0.0171 0.0171 0.0171 0.0171 0.0171 0.0171
0.0496 0.0569 0.0457 0.0530 0.0187 0.0187 0.0155 0.0310 0.0445 0.0547 0.0052 0.0280 0.0187 0.0187 0.0187 0.0187 0.0187 0.0187 0.0187 0.0187 0.0187 0.0187 0.0187 0.0187 0.0318 0.0303 0.0187 0.0187 0.0949 0.0477 0.0187 0.0187 0.0187 0.0187 0.0187 0.0187
0.0383 0.0219 0.0336 0.0393 0.0167 0.0167 0.0167 0.0695 0.0872 0.1695 0.0099 0.0238 0.0167 0.0167 0.0167 0.0167 0.0167 0.0167 0.0167 0.0167 0.0167 0.0167 0.0167 0.0167 0.0398 0.0167 0.0167 0.0167 0.0287 0.0374 0.0167 0.0167 0.0167 0.0167 0.0167 0.0167
0.1727 0.0537 0.0161 0.0161 0.0060 0.0224 0.0161 0.0161 0.0463 0.0426 0.0030 0.0136 0.0161 0.0161 0.0449 0.0433 0.0161 0.0161 0.0155 0.0421 0.0161 0.0161 0.0161 0.0161 0.0284 0.0487 0.0170 0.0291 0.0319 0.0497 0.0161 0.0161 0.0161 0.0161 0.0161 0.0161
0.0332 0.0560 0.0153 0.0153 0.0113 0.0292 0.0153 0.0153 0.0408 0.0397 0.0039 0.0330 0.0153 0.0153 0.0485 0.0705 0.0153 0.0153 0.0319 0.0386 0.0153 0.0153 0.0153 0.0153 0.0195 0.0363 0.0336 0.0320 0.1195 0.0470 0.0153 0.0153 0.0153 0.0153 0.0153 0.0153
0.0507 0.0543 0.0308 0.0331 0.0179 0.0179 0.0332 0.0227 0.0481 0.0806 0.0078 0.0300 0.0179 0.0179 0.0179 0.0621 0.0179 0.0179 0.0179 0.0179 0.0179 0.0179 0.0179 0.0179 0.0272 0.0249 0.0127 0.0313 0.0737 0.0362 0.0179 0.0179 0.0179 0.0179 0.0179 0.0179
0.0462 0.0185 0.0421 0.0468 0.0185 0.0185 0.0185 0.0522 0.0379 0.0538 0.0082 0.0642 0.0185 0.0185 0.0114 0.0466 0.0185 0.0185 0.0185 0.0185 0.0185 0.0185 0.0185 0.0185 0.0639 0.0185 0.0193 0.0376 0.0446 0.0380 0.0185 0.0185 0.0185 0.0185 0.0185 0.0185
0.0352 0.0363 0.0356 0.0367 0.0154 0.0154 0.0154 0.0460 0.0573 0.0792 0.0154 0.0154 0.0154 0.0154 0.0300 0.0589 0.0154 0.0154 0.0154 0.0154 0.0154 0.0154 0.0154 0.0154 0.0262 0.0292 0.0215 0.0516 0.0901 0.0424 0.0154 0.0154 0.0154 0.0154 0.0154 0.0154
0.0460 0.0172 0.0428 0.0468 0.0172 0.0172 0.0145 0.0486 0.0337 0.0578 0.0172 0.0172 0.0172 0.0172 0.0172 0.0573 0.0172 0.0172 0.0172 0.0172 0.0172 0.0172 0.0172 0.0172 0.1066 0.0139 0.0369 0.0445 0.0323 0.0398 0.0172 0.0172 0.0172 0.0172 0.0172 0.0172
0.1374 0.0603 0.0133 0.0333 0.0075 0.0558 0.0171 0.0171 0.0421 0.0323 0.0038 0.0239 0.0171 0.0171 0.0320 0.0510 0.0171 0.0171 0.0171 0.0171 0.0171 0.0171 0.0171 0.0171 0.0171 0.0171 0.0171 0.0171 0.0290 0.0408 0.0237 0.0724 0.0171 0.0171 0.0171 0.0171
0.0464 0.0436 0.0395 0.0397 0.0112 0.0181 0.0181 0.0181 0.0436 0.0536 0.0062 0.0181 0.0181 0.0181 0.0181 0.0503 0.0181 0.0181 0.0181 0.0181 0.0181 0.0181 0.0181 0.0181 0.0181 0.0181 0.0181 0.0181 0.0780 0.0477 0.0441 0.0804 0.0181 0.0181 0.0181 0.0181
0.0574 0.0322 0.0256 0.0241 0.0145 0.0145 0.0212 0.0167 0.0245 0.0235 0.0145 0.0977 0.0449 0.0165 0.0176 0.0420 0.0145 0.0145 0.0145 0.0145 0.0145 0.0145 0.0286 0.0153 0.0145 0.0145 0.0366 0.0249 0.1012 0.0277 0.0387 0.0653 0.0145 0.0145 0.0145 0.0145
0.0521 0.0557 0.0266 0.0265 0.0134 0.0134 0.0102 0.0551 0.0337 0.0729 0.0026 0.0158 0.0555 0.0384 0.0311 0.0600 0.0134 0.0134 0.0134 0.0134 0.0134 0.0134 0.0422 0.0345 0.0134 0.0134 0.0224 0.0335 0.0364 0.0532 0.0408 0.0134 0.0134 0.0134 0.0134 0.0134
0.0470 0.0499 0.0288 0.0356 0.0181 0.0181 0.0181 0.0181 0.0412 0.0816 0.0072 0.0301 0.0181 0.0181 0.0309 0.0559 0.0451 0.0181 0.0181 0.0181 0.0181 0.0181 0.0181 0.0181 0.0181 0.0254 0.0181 0.0181 0.0743 0.0395 0.0282 0.0181 0.0181 0.0181 0.0181 0.0181
0.1242 0.0295 0.0140 0.0275 0.0146 0.0146 0.0146 0.0146 0.0428 0.0369 0.0025 0.0239 0.0146 0.0146 0.0202 0.0392 0.0407 0.0407 0.0146 0.0146 0.0146 0.0146 0.0146 0.0146 0.0615 0.0254 0.0146 0.0146 0.0396 0.0673 0.0459 0.0553 0.0146 0.0146 0.0146 0.0146
0.0098 0.0070 0.0479 0.0571 0.0018 0.0236 0.0112 0.0112 0.0249 0.1105 0.0019 0.1228 0.0112 0.0112 0.0112 0.0112 0.0112 0.0112 0.0112 0.0112 0.0112 0.0112 0.0112 0.0112 0.2048 0.0040 0.0112 0.0112 0.0927 0.0436 0.0112 0.0112 0.0112 0.0112 0.0112 0.0112
0.1487 0.0247 0.0473 0.0780 0.0014 0.0131 0.0129 0.0129 0.0598 0.0733 0.0010 0.0304 0.0129 0.0129 0.0129 0.0129 0.0129 0.0129 0.0129 0.0129 0.0129 0.0129 0.0129 0.0129 0.0941 0.0244 0.0129 0.0129 0.0783 0.0406 0.0129 0.0129 0.0129 0.0129 0.0129 0.0129
0.1587 0.0141 0.0377 0.0551 0.0022 0.0199 0.0074 0.0453 0.0391 0.0305 0.0139 0.0139 0.0139 0.0139 0.0092 0.0521 0.0139 0.0139 0.0139 0.0139 0.0083 0.0434 0.0713 0.0097 0.0139 0.0139 0.0139 0.0139 0.0811 0.0641 0.0139 0.0139 0.0139 0.0139 0.0139 0.0139
0.0412 0.0798 0.0267 0.0282 0.0284 0.0175 0.0339 0.0237 0.0381 0.0404 0.0157 0.0157 0.0157 0.0157 0.0609 0.0469 0.0157 0.0157 0.0157 0.0157 0.0330 0.0219 0.0441 0.0747 0.0157 0.0157 0.0157 0.0157 0.0322 0.0465 0.0157 0.0157 0.0157 0.0157 0.0157 0.0157
0.0520 0.0520 0.0520 0.0520 0.0002 0.0076 0.0036 0.0023 0.0058 0.0037 0.0000 0.0018 0.0520 0.0520 0.0014 0.0081 0.0520 0.0520 0.0520 0.0520 0.0520 0.0520 0.0520 0.0520 0.0024 0.0081 0.0020 0.0096 0.0010 0.0022 0.0025 0.0017 0.0520 0.0520 0.0520 0.0520
0.0278 0.0278 0.0278 0.0278 0.0278 0.0278 0.0278 0.0278 0.0278 0.0278 0.0278 0.0278 0.0278 0.0278 0.0278 0.0278 0.0278 0.0278 0.0278 0.0278 0.0278 0.0278 0.0278 0.0278 0.0278 0.0278 0.0278 0.0278 0.0278 0.0278 0.0278 0.0278 0.0278 0.0278 0.0278 0.0278
0.0278 0.0278 0.0278 0.0278 0.0278 0.0278 0.0278 0.0278 0.0278 0.0278 0.0278 0.0278 0.0278 0.0278 0.0278 0.0278 0.0278 0.0278 0.0278 0.0278 0.0278 0.0278 0.0278 0.0278 0.0278 0.0278 0.0278 0.0278 0.0278 0.0278 0.0278 0.0278 0.0278 0.0278 0.0278 0.0278
0.0278 0.0278 0.0278 0.0278 0.0278 0.0278 0.0278 0.0278 0.0278 0.0278 0.0278 0.0278 0.0278 0.0278 0.0278 0.0278 0.0278 0.0278 0.0278 0.0278 0.0278 0.0278 0.0278 0.0278 0.0278 0.0278 0.0278 0.0278 0.0278 0.0278 0.0278 0.0278 0.0278 0.0278 0.0278 0.0278
