-0.2734 -0.0586 -0.0586 0.2852 0.0664 -0.1289 -0.2578 -0.1094 -0.1992 -0.1758 0.2070 -0.1914 0.0938 0.0273 -0.4727 0.6445 0.0234 -0.1172 -0.0859 -0.0430 0.0117 -0.0117 0.0859 0.2266 0.3477 -0.2578 0.2188 -0.0195 -0.0859 -0.0547 0.0859 0.1836 0.0898 -0.3086 0.0078 -0.0977 0.3242 0.5195 -0.3867 -0.3711 0.4727 -0.0664 0.2031 0.3320 -0.1797 -0.3242 -0.4375 -0.1719 0.3281 0.0195 -0.0938 -0.1641 0.1562 0.1211 0.3008 0.3594 0.1758 0.1172 0.2578 0.0352 0.0625 -0.3828 -0.1328 0.0781
-0.3477 0.9648 -0.1367 -0.1094 -0.2539 0.0195 -0.0312 -0.1680 0.2969 0.6602 0.2578 0.3125 0.3594 0.3555 -0.4727 0.3359 0.3945 -0.9180 -0.3047 0.6289 0.0234 -0.4883 0.5547 -0.7227 -0.6406 -1.0898 0.0820 0.5352 -0.1211 0.6719 -0.2227 0.5039 -0.2930 0.2227 0.1328 -0.3320 0.1250 0.1133 0.0547 -0.6914 0.0234 -0.4531 0.2852 0.2578 -0.2812 -0.9492 0.2695 -0.3242 -0.6016 0.2500 -0.2031 -0.4414 0.3320 -0.3164 -0.0898 0.1328 0.4805 -0.4336 -0.5586 0.0195 -0.0156 1.0078 -0.4062 0.3203
0.2500 0.0391 0.4844 -0.5195 0.8828 -0.4609 0.3477 0.2891 -0.2578 -0.1094 0.0547 0.3047 -0.6641 -0.7344 1.3398 0.5469 0.7383 -0.2109 0.3594 0.1328 0.0352 0.9531 0.2461 0.9062 0.1562 -0.3789 -0.5195 -0.4219 0.0430 -0.0078 0.1016 0.1367 0.5000 0.7773 -0.5742 -0.1523 0.3750 -0.4609 -0.0703 0.8984 -0.4102 0.1328 0.5312 -1.0664 -0.2734 -0.0508 -0.6875 0.5312 -0.3008 0.0742 0.1758 -0.2188 0.9102 0.2344 0.4102 0.5625 -0.7969 0.3008 0.3047 -0.6445 0.3242 -0.4883 1.0586 0.8906
-0.2695 -0.3984 -0.1602 0.1602 -0.1367 -0.0781 0.2422 0.5273 0.5430 -0.7109 -0.6484 -0.3281 0.7383 -0.5039 -0.1562 0.5820 0.4727 0.5156 -0.2617 -0.5078 0.5312 -0.4219 0.9727 0.4844 -0.3242 -1.2148 0.0898 -0.4141 0.7656 -0.6445 0.0352 0.5000 0.1719 -0.4844 -0.0625 -0.3555 -0.0898 0.0547 -0.3438 -0.2969 -0.2188 -0.0703 0.1016 0.3906 -0.2344 1.1133 -0.1328 -0.3203 -0.1758 0.4531 -0.3203 -0.0781 0.3125 -0.1602 -0.6328 -1.1719 -0.0156 -0.7109 0.9609 -1.0352 0.4727 -0.1055 -0.6016 1.0586
0.4023 -0.2852 -0.2305 0.5430 -0.1328 0.2109 0.7070 0.4570 -1.0977 -0.3242 -0.0078 0.8828 0.1836 1.4258 0.3164 0.3164 -0.2734 1.1367 0.3828 0.1289 -0.4961 1.1797 0.0117 -0.9961 -0.5859 -1.6602 -0.1406 -0.3633 -0.9492 -0.3516 -0.7422 0.2852 0.0977 -0.2266 -1.3203 0.2461 -0.1367 0.0898 0.2617 0.3984 0.1836 0.6211 -0.0508 -0.2109 -0.3516 0.7188 1.0391 0.3281 1.2266 0.0234 -0.4023 -0.3359 -0.2500 0.9297 0.0703 -0.7969 0.1055 0.4414 -0.7578 -0.1562 0.4414 -0.4141 -0.3320 0.1836
0.3789 -0.3281 0.1094 -0.0664 -0.4062 -0.2695 -0.2812 0.5859 0.3359 -0.8633 0.1406 -0.1602 -0.9961 -0.4414 0.1602 0.4102 0.9414 0.3516 0.3555 0.1797 -0.3008 -0.0273 0.4727 1.0977 0.1797 0.8516 0.3203 0.3242 -0.1211 -0.4297 -0.1016 0.6445 -0.1719 -0.1445 0.1562 -0.4141 0.5391 -1.0391 0.2773 0.0430 0.5859 0.5820 0.1016 -0.6641 0.0352 -0.3906 -0.0664 -0.0977 -0.5078 -0.9336 0.0898 0.3438 0.0156 0.0977 0.4609 0.2539 -1.0430 -0.1992 0.0273 0.1484 0.6875 -0.3555 -0.2812 0.4180
-0.4180 0.2695 0.4219 0.0703 -0.0117 -0.2734 -0.0391 -0.1562 -0.4961 -0.5195 0.1406 0.4414 -0.6992 0.3672 -0.1211 -0.0117 -0.1719 -0.2305 -0.0156 -0.1328 0.1016 -0.6641 -0.4336 -0.3984 0.0703 -1.2109 -0.3828 -0.1602 -0.2617 0.3672 -0.7070 0.7930 0.3320 -0.6992 -0.6328 -0.5469 0.2539 0.9062 0.3516 -0.4688 0.1562 0.8125 0.4766 -0.3594 0.2578 -1.6836 0.2891 -0.4492 0.8828 -0.0039 -0.0273 -0.3789 -0.2539 0.2656 0.6328 0.0977 0.4297 0.1406 -0.0508 0.4648 0.0938 -0.2891 -0.5547 0.4219
-0.1641 -0.4766 -0.2070 0.1016 -0.5664 0.3398 0.4141 0.1484 1.2266 -1.0078 0.4141 0.1289 -1.0039 -1.6953 0.5938 0.9648 0.8164 0.9414 -1.1055 -0.3281 0.2500 -0.1992 0.4492 1.0117 -0.6484 -1.0430 0.1953 -0.1992 0.4531 0.4453 -0.6992 0.0664 -0.3672 0.7695 -0.7188 -0.2891 0.1289 -0.4492 0.1094 -0.4531 0.1484 -0.6016 0.4375 -0.0820 -0.4766 -0.3125 -0.0625 0.9141 -0.8516 -0.0234 -0.2734 -0.2852 -0.5234 0.1992 0.2383 -0.5039 -1.1523 0.1211 -0.4688 -0.6016 -0.1484 0.5859 -0.4922 0.4297
-0.7266 -0.5625 0.0000 -0.2422 -0.3555 0.5352 0.6992 -0.5234 -0.2969 0.0234 0.1055 0.5000 -0.2109 -0.5781 0.1211 0.7773 0.0742 0.3594 -0.6719 0.1719 0.3086 0.1758 -0.0586 0.9219 0.0898 -0.5898 0.5508 0.0977 0.6875 -0.3164 -0.8203 1.6055 0.2930 -0.0195 -0.3672 -0.1992 0.9414 0.8242 -0.8438 -0.0664 -0.4219 -0.4531 -1.0117 0.1367 0.1445 0.1797 -0.5820 0.4023 -0.4102 0.1055 0.6914 0.3164 0.0508 0.1328 0.2344 -0.4258 0.1016 -0.5039 -0.5586 0.6641 0.2031 -0.1992 -0.2461 -0.4688
0.5078 0.1680 0.2930 0.2500 -0.0664 -0.1133 1.3164 -0.0039 0.9023 -0.2109 -0.3438 -0.1250 0.8164 -0.9102 0.9883 0.7656 0.3672 0.2695 -0.0312 -0.3164 -0.3359 0.5508 0.4883 -0.9023 -0.7578 -0.5234 0.1367 0.4336 -0.0742 -0.0469 0.1250 -0.2500 0.1211 0.8438 -0.4570 -0.6289 0.0781 -1.0469 0.7422 -0.2891 -0.0781 0.3672 -0.2305 -0.6016 -0.8828 -0.6367 0.4883 0.1328 -0.0000 -0.1641 0.1406 -0.1055 0.6133 -0.5742 -0.3711 -0.0078 0.8672 -0.7852 1.0508 -0.1602 -0.3477 0.6055 0.0312 0.3359
0.3086 -0.5430 -0.1172 0.8945 0.2070 0.0078 0.9727 -0.1992 -1.0508 -0.6211 0.0508 0.9258 0.3945 1.5586 0.1328 0.1133 -0.2344 1.3516 -0.2031 0.1484 -0.5078 0.9375 -0.0977 -0.8867 -0.3945 -1.6680 -0.5352 -0.4922 -0.4258 -0.5078 -0.8672 0.1094 -0.4883 -0.4688 -1.8203 0.3281 -0.0859 0.1211 0.3516 0.4844 0.0234 0.6953 -0.1719 0.0586 -0.3477 0.6523 0.7383 0.6289 1.4414 -0.1211 -0.1641 -0.0625 -0.6523 0.9336 -0.3125 -0.9453 0.1602 0.2461 -1.1523 -0.2305 0.5547 -0.4609 -0.3398 0.4766
0.6992 0.1211 0.6719 -0.5820 0.1562 -0.7812 1.3008 -0.1211 0.4141 -0.7461 0.0586 1.2578 0.4062 -0.1367 0.7734 0.5742 -0.0508 0.4727 -1.5820 -0.5117 0.1914 1.0273 -1.0703 1.1367 -0.3203 1.5000 0.8203 -0.3008 -0.2070 0.1211 0.6836 -1.0000 -0.4297 0.9766 -0.7266 0.2227 -1.1562 -0.7344 0.1445 0.8750 0.1719 -1.0469 -0.4648 -0.3516 0.5508 0.5742 -0.0977 0.0430 0.0391 0.0938 -0.7070 0.1602 0.0508 -0.0039 -0.5977 0.2695 0.1523 0.5781 0.9688 0.3906 0.3633 0.0625 0.0352 0.7539
-0.9062 -0.2305 0.2461 -0.4844 0.1094 -0.5273 -0.3672 0.2773 -0.4102 0.7148 -1.1133 -1.7500 0.5938 0.2031 -1.8320 -0.0703 -0.7773 -0.4297 0.5273 -0.0039 -0.4688 -0.5469 0.7109 -0.8594 0.1758 -1.4336 -1.0195 -0.5039 0.6016 -0.7188 0.1914 -0.1367 -0.3711 -0.4219 -0.3125 -0.1836 0.1719 -0.0898 0.4531 0.4141 -0.1641 -0.2188 -0.1953 0.6914 0.3008 0.1523 0.3555 0.0469 -0.4805 0.1367 0.8359 0.3906 0.0703 -0.2227 -0.0820 0.7891 -0.1250 0.3906 -0.3125 -0.7227 0.0273 0.1953 -0.2578 0.0938
-0.2031 -0.4531 0.2734 -0.2773 -0.4336 -0.2734 0.1992 -0.1914 0.3789 -0.2969 0.6641 0.8398 0.3828 0.0430 0.2070 -0.0391 0.5234 -0.0430 0.1484 0.1953 0.0234 0.2500 -0.0195 0.1992 -0.6133 -1.1445 0.3828 -0.0820 0.5938 0.9375 -0.2930 0.0547 -0.8359 0.3164 -0.0586 -0.3750 -0.1758 0.3047 -0.5508 -0.2969 0.3281 0.7227 0.1523 0.5703 -1.0781 0.0078 -0.3516 0.2812 -0.7148 -0.3867 0.4297 -0.3750 0.3828 -0.1406 0.0273 0.7852 0.2617 0.2188 0.0352 0.2031 0.2188 0.5195 -0.3086 1.1602
0.7852 0.2461 -0.2695 -0.2578 -0.3984 -0.0586 0.4102 0.3008 -0.5000 -0.2305 0.5195 0.6484 -0.2695 0.6250 -0.1992 0.1094 0.2227 -0.4727 -0.3750 0.2227 -0.3047 0.3789 0.2852 -1.1445 0.0508 -1.5352 0.6289 -0.9688 -0.3555 -0.2227 0.5977 -0.1602 -0.2344 -0.4023 -0.3750 0.3086 0.0469 0.2422 -0.3477 0.3438 0.6211 0.3672 1.4570 -0.0547 -1.3125 -0.0469 0.1797 0.3867 0.5664 0.2344 -0.3047 0.0508 0.7422 -0.7383 0.0312 0.0312 0.2422 0.5547 0.1406 -0.3555 0.1953 0.3867 -0.4570 0.0273
0.5078 0.2539 -0.2188 0.1055 -0.0430 0.2031 0.4648 -0.1914 0.2070 -0.3789 -0.0586 0.3359 -0.0586 0.5664 0.6484 0.3672 0.2969 -0.8164 -0.3359 -0.2773 -0.1836 0.7930 0.4180 0.6211 0.0156 -0.6953 0.3945 0.2305 1.3945 -0.4336 0.1094 0.1016 -0.8242 -0.1562 0.3867 -0.1211 0.4141 -0.2969 -1.4141 -0.7930 -0.4805 0.3008 0.1133 -0.1992 0.5273 0.9297 -0.0664 0.2812 0.0078 0.9023 -0.4805 -0.4219 0.0625 -0.1992 -0.1602 -0.5352 -0.1719 -0.8477 -0.2070 -0.0234 -0.1836 -0.0469 0.0117 0.0977
1.3984 0.1328 0.3281 -0.3125 -0.4805 -0.4453 -0.0703 -0.8164 -0.3203 -0.0977 0.6406 0.4727 0.0117 -0.2148 -0.2344 -0.2305 0.6367 -0.6992 0.3281 0.5430 0.2969 -0.1055 0.0586 -0.7539 0.3320 -1.2969 0.6094 -0.2773 0.1172 0.6641 -0.2383 0.4531 -0.4258 0.1289 0.3555 -0.0312 -0.1367 0.0547 -0.3750 0.3945 0.5000 0.0938 0.0234 0.2891 -0.0391 0.1992 -0.4336 -0.3242 -0.2695 -0.0664 0.4688 -0.3125 0.4023 0.0664 0.1758 0.5352 0.5938 -0.4883 -0.0156 -0.2812 0.4062 -0.0391 -0.2070 0.4766
0.0312 -0.5430 -0.6875 -1.1797 0.2617 0.2109 0.3516 -0.1953 -0.5156 1.1445 -0.5781 -0.1055 -0.0742 0.0273 -0.6836 0.1250 -0.1797 -0.7344 -0.1953 -0.5898 0.4062 -1.0156 0.1641 0.8672 -0.2461 0.3242 -0.4062 -0.2109 0.3984 -0.5312 0.2617 0.0781 0.0039 0.3164 -0.0664 -0.3438 0.7227 2.0312 0.4180 -0.0664 0.0195 -0.0703 0.0391 0.1055 0.1406 0.2227 0.2227 0.8828 0.6367 -0.8906 -0.0625 0.0664 -0.5000 -0.7812 -0.0586 -0.7656 -0.6719 0.1289 0.3164 0.4883 0.3750 0.4141 0.1445 -0.3047
0.7305 -0.3828 -0.5547 -0.5000 -0.0117 0.2773 0.2578 -0.4023 -0.3828 -0.4570 0.1602 0.3203 -0.1562 -0.6094 0.6094 0.1094 0.7305 -0.4961 -0.0859 0.7852 -0.0156 0.6172 -1.1172 0.8672 0.1289 1.0117 0.5234 -0.6016 -0.0703 -0.0938 -0.2227 0.7461 -0.3945 0.3516 -0.5195 0.0312 -0.5117 -0.4688 -0.5508 0.3398 -0.0234 0.5391 -0.1680 -0.2695 -0.2734 0.7188 0.5586 -0.5195 -0.1445 0.1250 -0.5117 0.4805 0.4336 -0.8594 -0.3711 -0.0664 0.3984 -0.5859 0.2812 -1.3633 -0.1016 0.6719 0.1602 -0.1836
0.6758 0.4023 0.5820 -0.6953 -0.4961 0.3438 -0.0234 -0.7148 -1.4961 0.5195 -0.2188 -0.2500 -0.3711 -0.8008 -0.4062 0.1758 -0.2930 -0.2734 -0.4609 0.5352 0.8086 -0.3359 -0.5898 -1.1328 -0.2656 -0.6875 0.8672 -0.8242 0.9453 0.5859 0.0430 0.0312 0.0000 -0.3750 -0.0664 -0.3594 0.7344 -0.4531 -0.7891 -0.0430 -0.3047 0.0977 0.0078 -0.8711 0.7734 -0.0742 0.3516 -0.2266 -0.0625 0.1602 0.1133 1.2188 -0.6523 0.1250 -0.4023 -0.5078 0.7148 -0.2656 0.4453 0.1328 -0.0547 0.8281 -0.1719 0.6406
-0.3594 0.2930 0.4062 0.2500 0.0117 -0.1523 -0.1016 -0.1992 -0.6914 -0.3164 0.1211 0.4258 -0.7617 0.5000 -0.3711 -0.3125 -0.1953 -0.3594 -0.0938 0.0195 -0.0078 -0.5352 -0.3711 -0.4609 0.1445 -1.1602 -0.1836 -0.1289 -0.1602 0.2734 -0.5703 0.7812 0.1289 -0.8242 -0.5820 -0.5977 0.2773 0.7266 0.1094 -0.4922 0.3164 0.9062 0.5469 -0.3984 0.2539 -1.4570 0.0000 -0.4414 0.6992 -0.0898 0.1016 -0.1406 -0.0117 0.2773 0.9414 0.0859 0.4297 0.2539 -0.0625 0.3047 -0.0820 -0.3438 -0.6172 0.2812
-0.4375 0.3164 -0.1836 -0.0469 -0.3242 -0.2109 0.2266 -0.5039 0.1328 0.2812 0.4219 0.2383 -0.3359 -0.3906 -0.5781 1.0234 0.7227 0.0898 0.8008 -0.0703 -0.1250 -0.4062 -0.7500 1.1523 0.3008 0.4570 -0.0977 0.1055 0.2383 -0.2344 -0.3789 -0.3203 -1.3555 -0.1680 -0.5117 -0.8867 0.0430 -0.4688 0.0703 -0.6055 -0.3164 0.3242 0.7578 0.8984 0.0742 -0.6055 1.0156 -0.6875 0.5430 -0.5078 -0.0391 -0.0977 -0.6719 0.6953 0.1602 0.5117 -0.1914 -0.4570 -0.6289 0.6133 -0.2930 -0.7773 -0.2656 -0.3008
0.2539 -0.3789 0.6328 0.4023 -0.1992 -0.5117 -0.2852 0.1133 -0.9141 -0.3516 1.0586 1.2773 -0.8945 -0.8125 1.4023 0.2070 -0.1406 -0.2578 -0.0195 -0.5781 -0.2578 0.8516 0.2305 1.3594 0.7305 0.1758 -0.3594 0.1562 0.1094 0.2891 -0.4102 0.4492 -0.1641 -1.1523 0.2734 -0.2383 0.2461 0.1133 0.2969 -0.6445 0.8828 -0.1680 -1.2383 0.3516 -0.5586 -0.1172 -0.0312 0.2773 -0.2578 0.2227 -0.3086 -0.8984 -0.1875 0.5820 -0.2539 0.2891 0.2461 0.1562 0.1055 -0.6289 0.0547 -0.3555 -0.3008 0.1211
0.8008 0.2891 -0.1992 -0.1797 -0.3398 0.1328 0.2227 0.5078 -0.3945 -0.2930 0.4414 0.5938 -0.2422 0.6875 -0.3320 -0.1445 0.2070 -0.4961 -0.3086 0.4023 -0.4453 0.5234 0.2539 -1.1016 0.0977 -1.4453 0.6953 -0.8398 -0.5938 -0.2422 0.5469 -0.1367 -0.2227 -0.4023 -0.2227 0.2500 -0.0781 0.0352 -0.3750 0.4648 0.6367 0.3125 1.3008 -0.1992 -1.2656 0.0781 0.1758 0.2812 0.6094 0.2188 -0.3281 0.3633 0.7344 -0.6914 0.1328 -0.0508 0.1367 0.6484 0.1406 -0.4531 -0.0000 0.1406 -0.4727 0.0781
-0.8008 -0.5000 -0.0625 0.4219 0.0352 -0.3789 0.4531 -0.3242 0.2852 -0.4023 0.0039 0.0312 0.1680 0.1602 0.5664 0.4062 0.4727 0.7969 -0.1562 0.0312 -1.1406 0.1602 0.2383 2.1953 0.1484 -0.4609 0.8516 -0.6680 0.3125 -0.0273 0.6094 -0.1094 -0.1055 -0.4922 0.4531 -0.4688 0.7031 -0.1406 -0.4297 0.0273 -0.6016 0.6016 0.2227 0.2266 0.3203 -0.3672 -0.0391 -0.5781 -0.5586 -0.2773 -0.0312 -0.2656 0.4688 0.3125 0.0781 0.1836 0.0781 0.5508 -1.5547 0.2070 -0.2344 -0.0547 -0.3828 0.3242
-0.4336 -0.6016 0.0898 -0.1367 -0.8359 -0.0508 -0.0820 -0.6523 -0.4609 0.0742 -0.0664 1.0586 -0.6992 -0.0977 -0.4219 -0.2266 0.0117 -0.0703 -0.6680 0.3672 0.6914 0.1094 -0.1289 -0.7695 0.0625 -0.7266 -0.1172 0.5195 0.5781 0.2031 -0.6406 0.3164 0.4688 0.3750 0.0078 0.1094 0.3555 1.0469 -0.0859 -0.5938 0.4961 0.1133 0.3008 0.1758 -0.0898 -0.1406 0.2656 0.5859 0.0820 0.2266 0.1406 0.2070 0.4141 -0.3281 0.3789 -0.6992 1.0430 -0.1094 -0.4883 0.5469 -0.3633 0.2422 -0.0312 0.0039
0.5508 -0.3438 -0.5703 -0.4375 -0.0469 0.4648 0.0469 -0.2578 -0.2656 -0.5938 -0.0273 0.2266 -0.0586 -0.7773 0.5078 0.1641 0.7266 -0.4414 -0.1680 0.9297 -0.1680 0.6016 -1.2266 0.9141 0.0859 1.0391 0.5078 -0.5664 -0.1172 -0.0664 -0.1953 0.6758 -0.2539 0.4922 -0.4648 0.0508 -0.5977 -0.5117 -0.5977 0.3281 0.0156 0.6016 -0.4180 -0.2852 -0.0742 0.6992 0.6406 -0.5352 -0.1562 0.0781 -0.6406 0.6523 0.3672 -0.8398 -0.4688 -0.2656 0.4258 -0.6133 0.1445 -1.2227 -0.0742 0.6680 0.1133 -0.1133
0.8086 -0.6953 -0.0117 0.2852 0.6133 0.0703 -0.0547 0.0781 -0.4688 0.1172 0.3516 0.1680 -0.4844 -0.7617 0.1562 0.7617 -0.2852 -0.1797 0.2734 -0.1094 0.2773 -0.2773 0.3320 1.4414 -0.1406 -1.3398 -0.2148 0.2695 -0.0156 -0.8242 -0.3594 -0.1758 -0.1406 0.2148 0.2500 -0.2422 0.3945 0.2148 -0.1055 0.2539 0.0703 -0.6641 0.3125 -0.2422 -0.0508 -0.5039 0.0625 -0.3672 -0.8867 -0.2617 0.9531 -0.4297 0.0039 -0.2148 0.1055 1.0352 -0.0156 0.5508 -0.4766 0.9492 0.2031 -0.2383 0.7188 -0.0352
1.6719 1.7461 1.1367 1.0859 -0.0508 0.2695 -0.8867 0.3555 -0.4336 0.0312 -0.8945 -0.3477 1.8477 0.5547 -1.2109 0.3906 -0.5039 -0.9648 -0.8281 -0.0312 0.1289 0.4570 -0.2773 0.0586 -1.0117 0.5898 -0.7500 -0.4336 -0.1719 0.6211 0.7109 0.2266 -0.0117 0.4414 0.5664 -1.8125 -0.1484 -0.5039 -0.7852 0.4727 0.7734 -0.8359 0.6602 -0.0312 1.3047 0.7227 -0.1719 0.3398 0.8906 -0.5312 -0.4023 0.3555 0.4805 -0.4336 0.6719 -1.1797 0.9766 0.1602 0.6953 -0.5391 -0.2305 -0.9180 -0.0859 0.0430
0.2891 -0.1875 -0.2852 -0.5273 -0.4844 0.1719 -0.4648 0.2383 0.0898 0.3438 -0.7227 0.2148 -0.1133 -1.0078 0.3906 0.5586 0.6641 0.7109 -0.0625 -0.6367 -0.0078 -0.1367 0.2109 0.1328 -0.0977 -0.8008 0.6992 -0.0508 0.0156 0.5977 -0.1016 0.7617 0.0938 0.2422 -0.4219 -0.2344 0.2031 0.4570 -1.5781 -0.1875 -0.2227 -0.4180 0.4453 0.1484 0.2891 0.4961 0.0312 -0.6680 -0.5391 -0.1094 -0.3984 -0.6406 0.3398 0.0195 -0.0625 0.4883 -0.3555 0.0312 0.1914 0.3789 -0.2305 -0.0430 -0.7578 -0.3945
0.2891 0.6523 -0.8086 -0.5312 -0.7148 -0.5820 0.1250 -0.3594 0.3828 0.3516 -0.1211 -0.1055 -0.3203 -0.0586 -0.4805 0.6211 -0.4062 -0.2969 0.6719 -0.8125 0.0469 -1.2500 -0.0547 -0.9219 0.7656 -1.4414 0.8438 0.2734 -0.9766 -0.1523 0.4141 0.0859 -0.0859 -0.3672 -0.6484 0.0508 0.1328 -0.1406 -0.2461 0.4180 -0.6445 0.1602 -0.2031 0.6484 0.3594 -0.3320 0.3906 -1.1055 -0.1680 -0.1875 -0.7344 0.3516 0.0938 0.0039 0.0938 -0.5469 0.1523 -0.6719 -0.2617 -0.1055 -0.2344 -0.3164 -0.1562 -0.2031
0.3828 -0.1172 0.7305 0.0547 -0.2969 -0.0156 0.0469 -0.3086 0.1367 -0.2148 -0.4219 -0.8633 0.2109 1.6055 0.1914 -0.3633 -0.0156 -0.3594 -0.2070 1.1641 -0.0234 -0.3008 -0.6289 1.0312 -0.3984 1.2812 -0.4375 0.3242 0.2344 -0.2148 0.1914 -0.1797 -0.4570 0.0430 0.1719 -0.1836 -0.5625 -0.5312 0.1328 -0.0859 0.0820 1.1250 -0.4453 0.2227 0.1211 1.0078 0.6484 -0.3750 -0.6211 0.3789 0.0078 -0.0156 -0.0625 0.6133 -0.7812 0.3477 -0.0859 -0.1133 0.3672 -0.2266 -0.1289 0.1602 -0.3672 -0.0977
0.1562 -0.0938 0.2109 0.2344 -0.1641 0.4688 -1.5352 -0.0312 0.6602 -0.2539 -0.1797 -1.0391 -0.0938 1.3281 0.3867 2.0039 0.3125 -0.5352 -0.4219 -0.0664 0.4453 0.6055 -0.7773 0.1211 0.3672 -1.1484 -0.5469 0.9258 -1.2344 0.3516 0.4219 -0.0625 -0.1914 -0.1367 -0.6680 -0.3906 -0.7422 -0.3164 -0.0938 0.4141 -0.5352 -0.1289 -0.2930 -0.1133 0.5117 -0.1602 0.9883 -0.5664 0.0312 -0.0117 -0.0352 -0.2031 -0.3750 -0.0781 -0.1406 -0.5312 -0.4219 0.1680 -0.5469 -0.7891 -0.4492 0.2734 0.4453 0.2266
0.0000 0.0000 0.0000 0.0000 0.0000 0.0000 0.0000 0.0000 0.0000 0.0000 0.0000 0.0000 0.0000 0.0000 0.0000 0.0000 0.0000 0.0000 0.0000 0.0000 0.0000 0.0000 0.0000 0.0000 0.0000 0.0000 0.0000 0.0000 0.0000 0.0000 0.0000 0.0000 0.0000 0.0000 0.0000 0.0000 0.0000 0.0000 0.0000 0.0000 0.0000 0.0000 0.0000 0.0000 0.0000 0.0000 0.0000 0.0000 0.0000 0.0000 0.0000 0.0000 0.0000 0.0000 0.0000 0.0000 0.0000 0.0000 0.0000 0.0000 0.0000 0.0000 0.0000 0.0000
0.0000 0.0000 0.0000 0.0000 0.0000 0.0000 0.0000 0.0000 0.0000 0.0000 0.0000 0.0000 0.0000 0.0000 0.0000 0.0000 0.0000 0.0000 0.0000 0.0000 0.0000 0.0000 0.0000 0.0000 0.0000 0.0000 0.0000 0.0000 0.0000 0.0000 0.0000 0.0000 0.0000 0.0000 0.0000 0.0000 0.0000 0.0000 0.0000 0.0000 0.0000 0.0000 0.0000 0.0000 0.0000 0.0000 0.0000 0.0000 0.0000 0.0000 0.0000 0.0000 0.0000 0.0000 0.0000 0.0000 0.0000 0.0000 0.0000 0.0000 0.0000 0.0000 0.0000 0.0000
0.0000 0.0000 0.0000 0.0000 0.0000 0.0000 0.0000 0.0000 0.0000 0.0000 0.0000 0.0000 0.0000 0.0000 0.0000 0.0000 0.0000 0.0000 0.0000 0.0000 0.0000 0.0000 0.0000 0.0000 0.0000 0.0000 0.0000 0.0000 0.0000 0.0000 0.0000 0.0000 0.0000 0.0000 0.0000 0.0000 0.0000 0.0000 0.0000 0.0000 0.0000 0.0000 0.0000 0.0000 0.0000 0.0000 0.0000 0.0000 0.0000 0.0000 0.0000 0.0000 0.0000 0.0000 0.0000 0.0000 0.0000 0.0000 0.0000 0.0000 0.0000 0.0000 0.0000 0.0000
