ff 00 01 00 00 00 00 01 01 ff 00 01 00 00 00 00 01 00 00 01
00 00 00 00 00 00 01 01 00 01 01 00 00 00 02 00 ff 02 00 00
00 02 01 00 01 01 00 00 00 02 00 00 00 00 01 ff 00 00 00 00
00 00 01 ff 00 ff 00 00 00 ff 00 00 00 00 00 00 00 00 00 ff
ff ff 00 00 00 00 00 00 ff 00 00 00 00 00 00 00 01 ff 01 00
00 00 00 00 00 00 00 00 00 ff 00 00 00 00 00 ff 00 01 00 00
00 00 ff 00 00 00 00 00 00 00 00 00 00 00 00 00 00 00 00 00
00 00 00 00 00 00 00 00 00 00 00 00 00 00 00 00 01 ff 00 00
00 00 00 01 00 00 00 00 00 00 00 00 00 00 01 00 01 02 01 00
00 00 00 01 00 00 00 02 00 01 00 ff 00 00 00 01 00 00 00 01
00 01 01 00 00 01 01 00 01 00 01 00 00 00 00 00 01 01 02 00
00 ff ff ff ff 00 fe fd 00 fe 00 fb fd ff 00 00 ff 00 fe 00
00 fe 00 ff 00 fe fe fe ff fe ff fe ff ff 00 fe 00 00 00 00
fd 00 00 00 00 00 00 00 00 00 00 00 00 00 00 00 00 01 00 00
ff 01 00 ff 01 00 00 00 00 00 00 00 01 01 00 00 00 00 ff 00
00 00 ff 00 00 ff 00 00 00 00 00 00 00 00 00 00 00 01 02 00
01 01 00 00 00 00 00 00 00 00 01 00 00 00 00 00 00 01 00 00
00 ff 00 00 00 00 ff 00 00 00 ff 00 00 00 00 00 00 00 00 00
00 00 00 fe 00 00 00 fe 00 00 00 00 00 00 00 00 00 00 00 00
00 00 00 00 00 01 00 00 00 00 01 00 00 00 00 00 00 00 00 ff
00 00 00 00 00 00 00 00 00 00 00 00 00 00 01 00 00 00 00 00
00 00 00 00 00 00 01 00 00 00 00 00 ff 00 ff ff 00 00 00 00
ff 00 00 00 00 00 00 01 01 01 01 01 00 00 01 01 00 01 00 00
00 00 00 01 00 00 01 01 00 01 00 00 01 00 00 00 01 01 00 00
00 01 00 00 00 00 00 00 00 00 00 01 01 00 00 01 00 00 00 00
00 00 00 00 00 00 ff 00 00 00 00 01 00 00 00 01 00 00 00 00
00 01 00 00 00 00 02 00 ff 01 00 00 00 00 00 00 00 00 00 01
00 01 00 00 00 01 01 01 00 00 00 00 00 00 fe 00 00 00 00 00
00 00 00 00 00 00 00 00 00 00 00 00 ff 00 00 01 00 00 00 ff
00 00 00 ff ff 00 00 00 00 00 00 00 00 00 00 00 00 00 00 00
00 00 00 00 00 00 00 00 ff 00 fe ff 00 00 00 00 01 00 ff ff
00 00 ff 00 ff 00 ff 02 00 01 00 00 00 00 00 00 00 00 00 00
00 00 00 ff 00 00 00 00 00 00 fe 00 00 fe 00 00 00 ff ff 00
fe 00 01 00 00 00 00 00 00 00 00 03 00 00 00 01 00 02 00 02
01 01 00 02 00 00 00 02 00 00 01 00 00 00 02 00 01 01 01 00
00 01 00 00 fe ff ff 00 ff fe ff 00 ff fe ff 00 00 00 ff fe
ff 00 00 00 ff 00 ff 00 00 ff 00 00 ff 00 00 ff ff ff ff ff
00 ff ff ff 00 ff 00 00 00 00 00 01 00 00 00 ff ff 00 00 ff
00 ff 00 00 00 00 00 00 00 00 00 00 00 00 00 00 00 00 00 00
01 00 00 00 00 ff 00 00 00 00 00 00 00 00 00 00 00 00 00 00
00 00 00 01 00 00 00 00 00 00 01 01 ff 00 00 01 00 00 00 ff
00 00 00 00 00 00 00 00 00 01 02 00 00 00 00 00 00 00 00 00
00 01 00 00 00 00 01 00 00 00 00 00 00 00 00 00 00 00 01 00
00 00 00 00 00 00 00 00 01 00 00 00 01 ff 00 00 00 00 ff 00
00 00 00 00 00 00 00 00 00 00 00 00 00 00 00 00 01 01 ff 00
00 00 00 00 00 00 00 00 00 00 01 00 00 01 00 00 01 00 ff 00
00 00 00 00 02 01 00 02 01 00 02 00 00 01 00 00 00 01 00 ff
01 ff 02 00 00 01 01 01 01 03 01 01 00 00 00 00 00 00 00 03
00 00 01 00 02 01 00 00 01 01 00 00 00 01 01 00 01 00 01 ff
00 01 02 03 00 02 01 01 01 01 01 01 01 01 01 01 01 01 01 01
00 01 01 00 02 01 03 02 00 00 00 00 00 00 00 00 00 00 00 00
00 ff ff 00 00 00 00 00 00 01 01 00 00 00 00 00 00 00 00 00
00 01 00 01 00 00 00 00 00 00 00 00 00 01 00 00 02 ff 00 00
00 00 00 ff ff 01 ff ff 00 00 00 00 00 00 00 00 ff 00 01 00
01 02 00 00 00 ff ff 00 01 00 ff 01 00 00 00 02 02 fe 01 00
00 00 00 00 00 00 00 01 00 ff 00 00 00 00 00 00 00 01 00 01
00 00 00 00 00 00 00 00 00 00 00 00 00 00 00 00 00 00 01 00
00 01 00 00 00 ff 01 00 00 01 00 00 00 00 00 03 00 00 00 00
00 00 00 ff 01 00 00 00 00 00 00 00 00 00 00 00 00 00 00 00
00 01 00 00 00 00 00 00 ff 01 00 00 00 ff 01 00 00 00 00 00
00 00 00 ff 00 00 00 00 00 00 00 01 01 00 00 00 00 00 00 00
00 00 00 00 00 00 00 00 00 01 00 00 01 00 00 00 00 00 00 00
00 00 00 00 00 00 02 00 00 00 00 00 00 ff 00 00 00 00 02 00
00 00 00 01 00 00 01 00 00 00 00 00 00 00 00 00 00 00 00 00
