00 00 00 00 01 00 00 00 00 00 00 00 00 00 00 00 00 00 00 00 00 00 00 00 00 00 00 00 00 00 00 00 ff 00 00 00 01 00 00 00 00 ff 00 00 00 00 ff 00 00 00 00 01 00 00 01 00 00 00 00 00 00 00 02 00
00 01 00 00 00 00 00 00 00 00 00 00 00 00 00 00 00 00 00 00 00 00 01 00 00 00 00 00 00 00 00 00 00 00 00 00 00 00 00 00 00 00 00 00 00 00 00 ff 00 00 00 00 ff 00 00 00 00 00 00 00 00 01 00 00
00 00 00 00 01 00 00 00 00 00 00 00 00 00 00 00 ff 00 00 00 00 00 00 00 00 00 00 00 00 00 00 00 00 00 00 00 00 00 00 00 00 00 00 00 00 00 00 ff 00 00 00 00 ff 00 00 00 00 00 00 00 00 02 00 00
00 00 00 00 00 00 01 00 00 00 00 00 00 00 00 00 ff 00 00 00 00 00 01 00 00 00 00 00 00 00 00 00 00 00 00 00 00 00 00 00 00 00 00 00 00 00 00 00 00 00 00 00 ff 00 00 00 00 00 00 00 00 00 00 ff
00 00 00 00 00 00 00 00 00 00 00 00 00 00 00 00 00 00 00 00 00 00 01 00 00 00 00 00 00 00 00 00 00 ff 00 00 00 00 00 00 00 00 00 00 00 00 00 ff 00 00 00 00 00 01 00 00 00 00 ff 00 00 01 00 00
00 00 00 00 01 00 00 00 00 00 00 00 00 00 00 00 00 00 00 00 00 01 00 00 01 00 ff 00 00 00 00 00 00 00 00 00 00 00 00 00 00 00 01 00 00 00 00 00 00 00 00 00 00 00 00 00 00 00 00 00 00 01 00 00
00 00 00 00 00 00 00 00 00 00 00 00 00 00 00 00 ff 00 00 00 00 00 01 00 00 01 00 00 00 ff 00 00 00 00 00 00 00 00 00 00 00 00 00 00 00 00 00 00 00 00 00 00 00 01 00 00 00 00 00 00 00 00 00 00
00 00 00 00 01 00 00 00 00 01 00 00 00 01 00 00 00 00 00 00 00 00 00 00 00 00 00 00 00 00 00 00 00 00 00 00 00 00 00 00 00 00 00 00 00 00 00 ff ff 00 00 00 00 00 01 00 00 00 00 ff 00 01 00 00
00 00 00 ff 00 00 00 00 00 00 00 ff 00 01 00 00 ff 00 00 00 00 00 02 00 00 00 00 00 00 00 00 00 00 00 00 00 01 00 00 01 00 01 00 00 00 00 01 00 00 00 00 00 ff 00 00 00 00 00 00 00 00 00 00 00
00 00 00 00 01 00 00 00 00 00 00 00 00 00 00 00 ff 00 00 00 00 00 00 00 00 00 00 00 00 00 00 00 00 ff 00 00 00 00 00 00 00 00 00 00 00 00 00 00 00 00 00 00 00 01 00 00 00 00 00 00 00 01 00 00
00 00 00 00 01 00 00 00 00 00 00 00 ff 00 00 00 ff 00 00 00 01 00 01 00 00 00 00 00 00 ff 00 00 00 00 01 00 00 00 00 00 00 00 00 00 00 00 01 ff ff 00 00 00 00 00 00 00 00 00 00 00 00 01 00 00
00 01 00 00 00 00 00 00 00 00 00 00 00 00 00 00 00 00 00 00 00 00 00 00 00 01 00 00 00 ff 00 00 00 00 00 00 00 00 00 00 00 00 00 00 00 ff 00 ff 00 00 00 00 00 00 00 00 00 00 ff 00 ff 01 00 00
00 00 00 00 01 00 00 01 00 01 00 00 00 00 00 00 ff 00 00 00 00 00 01 00 00 00 00 00 00 00 00 00 00 00 00 00 00 00 00 00 00 00 00 00 00 00 00 ff 00 00 00 00 00 00 00 00 00 00 00 00 00 01 00 00
00 01 00 00 00 00 00 00 00 00 00 00 00 01 00 00 00 00 00 00 00 00 01 00 00 00 00 00 00 00 00 00 00 00 00 00 00 00 00 00 00 01 00 00 01 00 00 ff 00 00 00 00 00 01 00 00 00 00 00 00 00 00 00 00
00 00 00 00 01 00 00 00 00 00 00 ff ff 00 00 00 ff 00 00 01 00 00 01 00 00 00 00 00 00 00 00 00 00 00 00 00 00 00 00 01 00 00 00 00 00 00 01 00 ff 00 00 00 00 00 00 00 00 00 00 00 00 01 00 00
01 00 00 00 01 00 00 00 00 00 00 00 ff 00 00 00 ff 00 00 00 00 01 01 01 00 00 00 00 01 00 00 00 00 00 00 00 00 01 00 00 00 00 00 00 00 00 00 00 00 01 00 00 00 00 01 00 00 00 00 00 00 01 00 00
00 01 00 00 00 00 00 00 00 00 00 00 00 00 00 00 00 00 00 00 00 00 01 00 00 00 00 00 00 00 00 00 00 ff 00 00 00 00 00 00 00 00 00 00 00 00 00 ff 00 00 00 00 00 01 00 00 00 00 ff 00 00 01 00 00
00 00 00 00 00 00 00 00 00 00 ff 00 00 00 00 00 ff 00 00 ff 00 00 02 00 00 00 00 00 00 00 01 00 00 00 ff 00 01 00 00 01 00 00 00 00 00 00 00 ff 00 00 00 00 00 ff 00 00 00 00 00 00 00 00 ff 00
00 01 00 00 00 00 00 00 00 00 00 00 00 01 00 00 00 00 ff 00 01 01 01 00 00 00 00 00 00 00 00 00 00 00 00 00 00 00 00 00 00 00 00 00 00 ff 00 00 ff 00 00 00 ff 01 00 00 00 00 ff 00 ff 00 00 ff
00 01 00 00 00 00 00 00 00 00 00 00 00 00 00 00 ff 00 00 00 00 00 01 00 00 00 00 00 00 00 00 00 00 ff 00 00 00 00 00 00 00 00 00 00 00 00 00 ff 00 00 00 00 ff 00 00 00 00 00 00 00 00 00 00 00
