195a 08ee 0000 0000 0000 0000 f665 0142 008b f586 fe1c f667 0000 0000 00b4 fee4 0000 0000 0000 0000 0000 0000 0000 0000 0000 0000 fb63 fcb0 fa64 00cf fd91 fc73 0000 0000 0438 f7d0 0000 0000 fef2 ff56 0000 0000 1675 0000
0c8d 0244 0000 0000 0000 0000 05c0 0542 0547 0000 072d f468 0000 0000 0ac4 059e 0000 0000 0000 0000 0000 0000 0000 0000 0000 0000 0eb0 07c5 0899 05f0 06a9 087a 0000 0000 055d 062c 0000 0000 0c80 088b 0000 0000 0699 0000
0953 064e 0000 0000 0550 09f1 0000 0000 0000 0000 0a7f fb73 0000 0000 0a30 0000 0000 0000 0000 0000 0000 0000 0000 0000 0000 0000 0c39 0866 09b1 0a5b 0000 0000 0000 0000 0614 0a50 0a22 03a5 0b83 0a80 0b1d 0bd1 0000 0000
0c47 045d 0000 0000 02c4 03b2 0000 0000 0000 0000 08fe f688 0000 0000 0667 09ab 0000 0000 0000 0000 0000 0000 0000 0000 0000 0000 05f8 03a9 0854 ffe4 0000 0000 0000 0000 01a5 06c3 06b6 0355 0a6f 08d3 078c fdb0 0000 0000
0647 01bc 0000 0000 0000 0000 0000 0000 0000 0000 079d fcb9 0000 0000 0000 0000 0000 0000 0000 038a 0000 0000 0000 0000 03ed 0973 0e0e 0843 0000 0000 0000 0000 0000 0000 077e 06eb 0000 0000 0b70 08b1 0000 0000 0000 0000
1180 08eb 0000 0000 0000 0000 0000 0000 0000 0000 fe8c f5b1 0000 0000 0000 0000 0000 0000 08b8 05d0 0000 0000 0000 0000 048e 0fb4 09ea 039b 0000 0000 0000 0000 0000 0000 011b 0ce5 0000 0000 0913 0a0e 0000 0000 0000 0000
0ac9 03a7 0000 0000 054b 0340 0000 0000 0000 0000 08f6 f387 0000 0000 0706 07c5 0000 0000 000e 04f5 0000 0000 0000 0000 0000 0000 07bf 06ca 0649 037c 012d 0129 0000 0000 0000 0000 0a73 058f 0f8c 05ef 0000 041d 0000 0000
083d 0676 0000 0000 041d 0abc 0000 0000 0000 0000 0a8d fa60 0000 0000 0b00 0050 0000 0000 0682 0867 0000 0000 0000 0000 0000 0000 096d 0706 0680 0ce9 1234 0aaf 0000 0000 0000 0000 01fb 0000 00f3 0196 05a6 0bf5 0000 0000
0a25 07da 0000 0000 03cf 0a4f 0000 0000 0000 0000 09a0 f917 0000 0000 0a99 07b6 038b 0346 0000 0000 0000 0000 0000 0000 0000 0000 0000 0000 0799 0286 0000 0000 097f 0382 ffa2 0954 063b 0182 0ae2 07a6 0000 0000 0000 0000
0aff 06c2 0000 0000 024e 0805 0000 0000 0000 0000 0a11 f161 0000 0000 08a7 04dd 049b 04f4 0000 0000 0000 0000 0000 0000 0000 0000 0000 0000 0313 0a47 0000 0000 0604 04e9 07f3 fcc2 06ae 041f 07a2 02c0 0000 0000 0000 0000
02da 03d5 0000 0000 07c0 05e4 0c00 062c 0000 0000 0ef6 f750 0000 0000 0af0 095c 0000 0000 0000 0000 0000 0000 0000 0000 0000 0000 1529 09a0 0920 0b0d 0fa3 05c2 0dda 066f 0b4e 1085 09ab 08ca 09d0 048e 099d 0dbd 0000 0000
05a6 0581 0000 0000 0485 0558 05d0 0931 0000 0000 0724 f77d 0000 0000 0ad9 0000 0000 0000 0000 0000 0000 0000 0000 0000 0000 0000 0c45 08e9 094d 066f 099d 0a0a 0510 06d3 0640 0726 0c7f 05a4 0b98 0664 0520 0887 0000 0000
0a0b 054d 0000 0000 0496 0714 0000 0000 0956 0bbb 0d71 0000 0000 0000 0c74 07d4 0000 0000 08ae 03f6 0800 0584 0000 0000 0000 0000 0bad 0499 09a5 0bca 0c9c 0862 0000 0000 04e6 0c63 0000 0000 06ed 078c 0000 0000 0000 0000
07cd 0606 0000 0000 0000 0612 0000 0000 0853 ff30 0694 f5c0 0000 0000 0bda 0321 0000 0000 06ed 0379 0a76 0230 0000 0000 0000 0000 0bcd 077f 0731 0978 0a14 0804 0000 0000 078c 01ab 0000 0000 0946 02c0 0000 0000 0000 0000
0cb2 0858 0000 0000 063b 0ed5 0000 0000 0000 0000 0000 0000 0000 0000 091f 050f 0000 0000 0000 0000 0000 0000 0000 0000 0000 0000 0970 0499 050b 0cfb 0b04 02f0 0000 0000 0784 040f 0000 0000 0ca6 0204 0259 0c47 0000 0000
0f9d 0ad0 0000 0000 0ba4 04dc 0000 0000 0000 0000 0000 0000 0000 0000 0b40 059b 0000 0000 0000 0000 0000 0000 0000 0000 0000 0000 0fd8 07f0 0769 0f98 0599 0a44 0000 0000 0a52 0650 0000 0000 0f15 098c 0503 0f90 0000 0000
091e 02de 075a 06af 0183 0911 0000 0000 0000 0000 0720 f79e 0000 0000 09fb 072d 0000 0000 0000 0000 084a 058b 0000 0000 0538 097e 0e25 08b0 0000 0000 0bb0 0915 0000 0000 083e 06f4 0000 0000 09c6 0773 0000 0000 0000 0000
059a 075f 09da 0394 0278 0ab5 0000 0000 0000 0000 0aaf f7d0 0000 0000 099d 0e69 0000 0000 0000 0000 0682 03b2 0000 0000 060e 0542 08a0 03f9 0000 0000 0560 085a 0000 0000 019b 06bc 0000 0000 0aa0 08c3 0000 0000 0000 0000
0966 048a 0000 0000 0730 07c2 066c 02dc 047a 0640 0675 f5e0 0000 0000 0cfb 0a53 0000 0000 0000 0000 0000 0000 0000 0000 0000 0000 0826 0a29 0000 0000 09c9 0cef 073b 08b5 0000 0000 0c55 0763 089d 070d 0000 0000 0000 0000
0790 05a9 0000 0000 02d6 06af 06e9 0802 09ce 01b0 08ec f99e 0000 0000 0620 052d 0000 0000 0000 0000 0000 0000 0000 0000 0000 0000 0ad5 04b2 0000 0000 08a0 059b 08d5 0669 0000 0000 0350 03f2 0540 04c0 0000 0000 0000 0000
1198 07f4 0000 0000 0496 075a 0000 0000 0000 0000 0671 e6d6 0000 0000 0b87 09cb 055c 05f4 0000 0000 0000 0000 0000 0000 0000 0000 0000 0000 0000 0000 0000 0000 0000 0000 0000 0000 04e7 0658 0b40 0aaf 0000 0000 0000 0000
0b63 0000 0000 0000 0000 0887 0000 0000 0000 0000 0881 ed61 0000 0000 08de 0bff 0000 0b63 0000 0000 0000 0000 0000 0000 0000 0000 0000 0000 0000 0000 0000 0000 0000 0000 0000 0000 0805 02f3 0a3c 0993 0000 0000 0000 0000
0b3e 06d0 0000 0000 0544 0462 0000 0000 050b 02f4 0582 f3a3 0000 0000 0540 0781 0000 0000 0000 0000 0000 0000 0000 0000 0000 0000 0221 0282 0529 0890 0542 0475 0000 0000 038c 0520 070e 000e 095f 0631 0000 0000 0000 0000
0ea4 0363 0000 0000 03bf 07e5 0000 0000 0a05 0200 0aa9 f013 0000 0000 0a56 0920 0000 0000 0000 0000 0000 0000 0000 0000 0000 0000 0c84 07b4 0720 078b 065c 0583 0000 0000 09b8 0747 0953 053c 0cf5 0870 0000 0000 0000 0000
0589 0000 0000 0000 0000 06d4 0000 0000 0000 0000 0781 ece1 0000 0000 073b 0b29 0000 06c6 0000 0000 0000 0000 0000 0000 0000 0000 0000 0000 0400 ff73 0000 0000 0000 0000 0000 0000 0c21 07d4 093c 065b 0000 0000 0000 0000
0c1c 07d0 0000 0000 0270 0afa 0000 0000 0000 0000 0a72 f648 0000 0000 0bf9 0e9a 037f 0b02 0000 0000 0000 0000 0000 0000 0000 0000 0000 0000 0900 0989 0000 0000 0000 0000 0000 0000 08bc 076c 08cb 0716 0000 0000 0000 0000
07d4 041e 0000 0000 0000 0000 0429 044e 0000 0000 0bbd f6c8 0000 0000 0000 0000 0000 0000 04fb 09e6 0000 0000 0000 0000 0000 0000 0b36 06eb 075a 0cbb 0eee 042d 0bb0 0450 0000 0000 0000 0000 ffcd 0307 0000 0000 0000 0000
0d13 0612 0000 0000 0000 0000 079b 08f8 0000 0000 08b1 f8d9 0000 0000 0000 0000 0000 0000 082d ff51 0000 0000 0000 0000 0000 0000 0aec 0542 088b 0a36 0c2b 08ee 0884 0604 0000 0000 0000 0000 06b9 0540 0000 0000 0000 0000
0b52 05d1 0000 0000 0006 04fc 0000 0000 0000 0000 0761 eb87 0000 0000 099c 076d 0000 0000 0000 0000 071e 04de 0000 0000 0000 0000 01a7 05bc 05c5 06d0 021b 04f0 0b30 03f3 0000 0000 0d7f 0147 0a01 0615 0000 0000 0000 0000
0b6c 037c 0000 0000 0309 07ac 0000 0000 0000 0000 06ec f5ef 0000 0000 0b55 047c 0000 0000 0000 0000 068a 0392 0000 0000 0000 0000 0c9c 051e 0735 0b0a 0e98 05f0 086b 07e7 0000 0000 07d1 078c 0839 0727 0000 0000 0000 0000
1203 09a3 0000 0000 0000 0000 0000 0000 0000 0000 0699 f6a6 0000 0000 0c19 0433 0000 0000 09d6 03ce 0000 0000 0000 0000 0813 0e95 0e5f 0a42 0000 0000 09d0 0c22 0cf0 0d0c 065b 0cf9 0cf0 056e 0f5d 0cd0 0000 0000 0000 0000
0640 fde3 0000 0000 0000 0000 0000 0000 0000 0000 0afa f379 0000 0000 0b46 0512 0000 0000 0226 0264 0000 0000 0000 0000 05de 0746 0a62 02ce 0000 0000 0d42 0482 06a1 0485 0806 0403 07c0 09e3 053a 0541 0000 0000 0000 0000
0e7e 0422 0000 0000 04bc 0cfb 0000 0000 0000 0000 03cf f27d 0000 0000 04ee 04b8 0000 0000 0000 0000 0000 0000 0000 0000 0000 0000 0bb4 0889 052c 0000 0000 0000 0000 0000 08be 0791 0723 02b0 08ef 07b0 0000 0000 0000 0000
0cda 0106 0000 0000 0000 04d0 0000 0000 0000 0000 0000 ec2f 0000 0000 080c 049d 0000 0000 0000 0000 0000 0000 0000 0000 0000 0000 03df 06d8 02c5 03c3 0000 0000 0000 0000 0945 0000 0d56 0360 045c 05cc 0000 0000 0000 0000
0e18 05c2 0000 0000 0000 0000 0000 0000 0000 0000 0456 f862 0000 0000 04a7 03ad 0000 0000 04cc 04f2 08ca 06a0 0000 0000 0000 0000 0733 032e 052f 0a22 0000 0000 0000 0000 0000 0000 094d 03eb 0ae7 075e 0000 0000 0000 0000
0a8d 05b4 0000 0000 0000 0000 0000 0000 0000 0000 09b1 f8fe 0000 0000 07ea 0b8c 0000 0000 03a0 0255 0cd6 0695 0000 0000 0000 0000 0c5d 0a40 0a8d 04ba 0000 0000 0000 0000 0000 0000 08c7 065d 0d9e 089f 0000 0000 0000 0000
0afd 0000 0000 0000 0000 0000 0000 0000 0000 0000 0000 e5ef 0000 0000 0000 0324 0000 0000 0000 0000 0000 0000 0000 0000 05e6 07ee 0000 0000 0000 0000 0000 0000 0000 0000 0000 0000 fef1 0000 0856 096b 0579 fef1 0000 0000
08dd 0849 0000 0000 0000 0000 0000 0000 0000 0000 0a52 f43f 0000 0000 08c7 0798 0000 0000 0000 0000 0000 0000 0000 0000 0378 01f6 0000 0000 0000 0000 0000 0000 0000 0000 0000 0000 0ad5 03f6 0a18 04cd 002f 0750 0000 0000
0000 0000 0000 0000 0000 0000 0000 0000 0000 0000 095c f446 0000 0000 ff3a 0e33 015c 0aec 0000 0000 0d94 0327 0a6d 0000 0000 0000 0000 0000 0000 0000 0000 0000 01bc 057c 0000 0000 091d 01ed 0807 07db 0000 0000 0000 0000
0000 0000 0000 0000 0000 0000 0000 0000 0000 0000 0ac1 f48e 0000 0000 0889 0841 05ef 052c 0000 0000 0460 038e 07c0 08e7 0000 0000 0000 0000 0000 0000 0000 0000 0303 0115 0000 0000 0bcb 0993 11e9 0a51 0000 0000 0000 0000
0771 ff65 0000 0000 0000 0000 02d8 0000 0000 0000 0691 f3b2 0000 0000 05ec 0a70 0000 0000 0000 0000 0855 047e 0000 0000 0000 03b2 070b 054b 0000 0000 054a 08aa 0000 0000 0000 0000 0000 0000 0b99 07f3 0000 0000 0000 0000
08e0 0280 0000 0000 0000 0000 092b 090f 0000 0000 0492 f6fa 0000 0000 0b84 027a 0000 0000 0000 0000 083f 04e5 0000 0000 08d1 08fc 0b34 0a7c 0000 0000 0964 0c11 0000 0000 0000 0000 0000 0000 0d21 06ee 0000 0000 0000 0000
0000 0000 0000 0000 0000 0000 eac6 e864 eccd ea8e e7ea c725 0000 0000 e983 e30c 0000 0000 0000 0000 0000 0000 0000 0000 0000 0000 0000 0000 ee83 e440 ea42 e5fa 0000 0000 ef14 ef2b 0000 0000 dd9e e89a 0000 0000 0000 0000
0000 0000 0000 0000 0000 0000 0000 0000 0000 0000 0000 0000 0000 0000 0000 0000 0000 0000 0000 0000 0000 0000 0000 0000 0000 0000 0000 0000 0000 0000 0000 0000 0000 0000 0000 0000 0000 0000 0000 0000 0000 0000 0000 0000
