0d30 0482 0000 0000 0000 0000 fe00 00f8 01c9 fd15 fec1 f95c 0000 0000 0202 0004 0000 0000 0000 0000 0000 0000 0000 0000 0000 0000 fcc3 ff53 fe76 009e 003e ff40 0000 0000 032f ff7d 0000 0000 0575 0211 0000 0000 0ae6 0000
06fd 00d8 0000 0000 0000 0000 02a3 034e 0325 0000 028c fb8a 0000 0000 068f 01a2 0000 0000 0000 0000 0000 0000 0000 0000 0000 0000 083e 0587 046d 0422 0280 046b 0000 0000 030c 03a9 0000 0000 05a9 0447 0000 0000 033e 0000
01cd 032f 0000 0000 fff4 0471 0000 0000 0000 0000 0623 feb5 0000 0000 0556 0000 0000 0000 0000 0000 0000 0000 0000 0000 0000 0000 0371 0560 037e 056b 0000 0000 0000 0000 00e0 039b 053e ffef 04f8 0615 062f 0416 0000 0000
07ea 0283 0000 0000 00ff ffb0 0000 0000 0000 0000 0427 fab6 0000 0000 02ee 0310 0000 0000 0000 0000 0000 0000 0000 0000 0000 0000 03ce 02eb 02f8 ff50 0000 0000 0000 0000 008a 0443 03a0 fef2 0621 0479 0364 fe5e 0000 0000
01ba 018a 0000 0000 0000 0000 0000 0000 0000 0000 02fc 045a 0000 0000 0000 0000 0000 0000 0000 010b 0000 0000 0000 0000 00e6 04eb 0832 0654 0000 0000 0000 0000 0000 0000 02cb 0344 0000 0000 03d1 0538 0000 0000 0000 0000
091e 0435 0000 0000 0000 0000 0000 0000 0000 0000 0196 f9ea 0000 0000 0000 0000 0000 0000 045e 016b 0000 0000 0000 0000 00f0 0830 05b0 013f 0000 0000 0000 0000 0000 0000 ffb3 066e 0000 0000 05da 0639 0000 0000 0000 0000
066e 00b5 0000 0000 010a 01df 0000 0000 0000 0000 038c f86a 0000 0000 015a 017b 0000 0000 fe9b 0022 0000 0000 0000 0000 0000 0000 067b 02bf 01ff fff3 fecb fdea 0000 0000 0000 0000 0300 0163 06d2 0369 0000 ffc4 0000 0000
0385 03f5 0000 0000 0133 073a 0000 0000 0000 0000 06c4 fd36 0000 0000 0530 00d0 0000 0000 01fc 0272 0000 0000 0000 0000 0000 0000 060c 050e 04fb 0542 0851 05ca 0000 0000 0000 0000 05a7 0000 0270 0324 041a 03b2 0000 0000
058b 04ab 0000 0000 00c9 045b 0000 0000 0000 0000 02db 02c6 0000 0000 0169 0031 001b ff30 0000 0000 0000 0000 0000 0000 0000 0000 0000 0000 0222 011b 0000 0000 05ef 0275 fcea 05e2 01af fc11 042f 046f 0000 0000 0000 0000
0495 0300 0000 0000 fe81 0572 0000 0000 0000 0000 06b0 f283 0000 0000 0500 02ff ffef 0113 0000 0000 0000 0000 0000 0000 0000 0000 0000 0000 feb4 0486 0000 0000 00d8 00a2 035b fa45 024e 0186 040e 0084 0000 0000 0000 0000
fcce 005e 0000 0000 0182 0115 0822 02d6 0000 0000 057d 0001 0000 0000 0342 0335 0000 0000 0000 0000 0000 0000 0000 0000 0000 0000 0960 04e5 0202 024a 04e0 0075 0407 00a6 055b 09a6 0184 0350 034d 00aa 05cb 0386 0000 0000
03c9 03af 0000 0000 01a9 0271 03ac 0383 0000 0000 01e0 fb40 0000 0000 062f 0000 0000 0000 0000 0000 0000 0000 0000 0000 0000 0000 07d2 051c 0356 047b 0515 04e5 02d0 0364 0522 02ef 0664 0410 03d3 035c 0369 0543 0000 0000
041c 0053 0000 0000 022a 02c3 0000 0000 0499 0614 0512 0000 0000 0000 05d2 01f4 0000 0000 0440 003a 01d4 0064 0000 0000 0000 0000 05b0 0139 0423 04bd 0462 02de 0000 0000 fed3 07ac 0000 0000 033f 04a5 0000 0000 0000 0000
0398 0263 0000 0000 0000 026c 0000 0000 05a4 005f 030e fc00 0000 0000 05ee 0058 0000 0000 01b2 0341 04c9 fff4 0000 0000 0000 0000 08bc 044a 0427 054e 05f2 027b 0000 0000 050a 0370 0000 0000 04c1 01b0 0000 0000 0000 0000
03ef 046f 0000 0000 0114 07af 0000 0000 0000 0000 0000 0000 0000 0000 031f 0004 0000 0000 0000 0000 0000 0000 0000 0000 0000 0000 035b ff8f 00e1 0570 038d ffcd 0000 0000 0158 0093 0000 0000 064d 000f 0000 04a3 0000 0000
0638 045e 0000 0000 03dd 01c7 0000 0000 0000 0000 0000 0000 0000 0000 02eb 01a2 0000 0000 0000 0000 0000 0000 0000 0000 0000 0000 02c0 002a 0014 0338 fdea 01c6 0000 0000 00bc 0155 0000 0000 0519 0269 ffe3 0250 0000 0000
0346 0130 042a 02f4 fffc 0364 0000 0000 0000 0000 0161 00bc 0000 0000 060b 019d 0000 0000 0000 0000 0496 0219 0000 0000 016c 0647 082e 0625 0000 0000 072d 04db 0000 0000 0400 04c1 0000 0000 02ac 0443 0000 0000 0000 0000
02bb 0269 ffa8 fdc7 007e 0330 0000 0000 0000 0000 03e9 f9e5 0000 0000 044d 04b4 0000 0000 0000 0000 0129 fea6 0000 0000 01f8 0099 02db 0151 0000 0000 fe35 0143 0000 0000 fedc 006f 0000 0000 01fc 044f 0000 0000 0000 0000
02ab 013b 0000 0000 01be 0460 0121 011c 0020 029b 01d3 ffcb 0000 0000 04ee 0619 0000 0000 0000 0000 0000 0000 0000 0000 0000 0000 038f 05cc 0000 0000 04fd 0586 03f2 0251 0000 0000 0596 040c 0474 039e 0000 0000 0000 0000
00fd 0400 0000 0000 008f fffa 02f8 0470 04a0 fede 02c0 ffd7 0000 0000 0210 ff50 0000 0000 0000 0000 0000 0000 0000 0000 0000 0000 051e 03a0 0000 0000 04a9 003f 0491 02d2 0000 0000 fffb 0190 ff19 ffd2 0000 0000 0000 0000
084b 0249 0000 0000 00af 0220 0000 0000 0000 0000 ffda f6cd 0000 0000 00ad fff2 00c3 feb6 0000 0000 0000 0000 0000 0000 0000 0000 0000 0000 0000 0000 0000 0000 0000 0000 0000 0000 ffdc ff81 03c6 01b9 0000 0000 0000 0000
05f8 0000 0000 0000 0000 02ef 0000 0000 0000 0000 02ad f84f 0000 0000 02d6 ff62 0000 025f 0000 0000 0000 0000 0000 0000 0000 0000 0000 0000 0000 0000 0000 0000 0000 0000 0000 0000 000d fdff 0303 01a0 0000 0000 0000 0000
05ae 03f5 0000 0000 0358 024b 0000 0000 013c 01ab 02ee fa9a 0000 0000 0114 0170 0000 0000 0000 0000 0000 0000 0000 0000 0000 0000 00a5 fff5 0179 0522 02b5 ffac 0000 0000 0090 03de 02d6 fe68 03dd 0146 0000 0000 0000 0000
08c7 028d 0000 0000 012c 016e 0000 0000 05b9 ff50 0454 f6ae 0000 0000 04c5 01ec 0000 0000 0000 0000 0000 0000 0000 0000 0000 0000 048d 026f 02b3 0364 0141 012e 0000 0000 032b 034a 0290 0176 06f0 0430 0000 0000 0000 0000
01ce 0000 0000 0000 0000 00e9 0000 0000 0000 0000 03ed f810 0000 0000 058f 03ea 0000 02e9 0000 0000 0000 0000 0000 0000 0000 0000 0000 0000 01a1 ff8c 0000 0000 0000 0000 0000 0000 0626 039d 07a5 0391 0000 0000 0000 0000
0405 01d5 0000 0000 ff6b 0294 0000 0000 0000 0000 02d4 fbbd 0000 0000 0463 02ce ff9a 0319 0000 0000 0000 0000 0000 0000 0000 0000 0000 0000 0295 047a 0000 0000 0000 0000 0000 0000 021a 01e3 00df 0085 0000 0000 0000 0000
0295 0083 0000 0000 0000 0000 ff1c ff60 0000 0000 06cd fa0b 0000 0000 0000 0000 0000 0000 fde2 022b 0000 0000 0000 0000 0000 0000 04bc 01d3 0260 03a2 03b0 fcfc 0218 ff1c 0000 0000 0000 0000 fd67 fed9 0000 0000 0000 0000
0630 032b 0000 0000 0000 0000 058f 050b 0000 0000 0349 fe24 0000 0000 0000 0000 0000 0000 057e fe84 0000 0000 0000 0000 0000 0000 01d4 0191 0425 05bb 05b2 03a6 0249 02d3 0000 0000 0000 0000 0244 02b3 0000 0000 0000 0000
05e1 02a3 0000 0000 ffc0 005c 0000 0000 0000 0000 0323 f093 0000 0000 04e0 024f 0000 0000 0000 0000 0145 0260 0000 0000 0000 0000 013c 0479 00ef 024a feed 0043 05aa ffd3 0000 0000 06c3 fe50 04af 0426 0000 0000 0000 0000
042d 02e1 0000 0000 00f4 00e1 0000 0000 0000 0000 00a1 ffd5 0000 0000 0520 ff9b 0000 0000 0000 0000 0409 0078 0000 0000 0000 0000 0654 03ef 034d 0740 0784 025c 0339 051d 0000 0000 03cc 0370 01f3 02af 0000 0000 0000 0000
0620 01be 0000 0000 0000 0000 0000 0000 0000 0000 02a5 f9d9 0000 0000 05fa 0046 0000 0000 03cc fedd 0000 0000 0000 0000 ff8a 034c 0530 04a6 0000 0000 0495 04e3 03e3 0420 0251 030f 02c9 020f 03dd 0516 0000 0000 0000 0000
004b 01ff 0000 0000 0000 0000 0000 0000 0000 0000 0596 00c0 0000 0000 05de 0121 0000 0000 03e6 035c 0000 0000 0000 0000 012d 0180 0279 0149 0000 0000 0807 01d1 03c6 025a 0324 0098 01c9 03da 001e 01d9 0000 0000 0000 0000
0a22 02ba 0000 0000 017d 0600 0000 0000 0000 0000 008a fa81 0000 0000 0302 0123 0000 0000 0000 0000 0000 0000 0000 0000 0000 0000 0789 0498 01e0 0000 0000 0000 0000 0000 02cc 03be 0346 0040 05e4 056c 0000 0000 0000 0000
04a7 013e 0000 0000 0000 02ff 0000 0000 0000 0000 0000 f63e 0000 0000 0115 001e 0000 0000 0000 0000 0000 0000 0000 0000 0000 0000 022f 036f 0203 0170 0000 0000 0000 0000 044b 0000 04f6 022d 0220 012c 0000 0000 0000 0000
05ad 00b4 0000 0000 0000 0000 0000 0000 0000 0000 ffbc fcbd 0000 0000 0173 01c3 0000 0000 ff72 0189 028b 002d 0000 0000 0000 0000 02ba 00b8 0160 0038 0000 0000 0000 0000 0000 0000 0423 01dc 0499 01e0 0000 0000 0000 0000
01e1 fe44 0000 0000 0000 0000 0000 0000 0000 0000 01bb fedb 0000 0000 02e4 00e0 0000 0000 005b ff53 03de 0155 0000 0000 0000 0000 04da 0510 03fe ffec 0000 0000 0000 0000 0000 0000 000a 00f0 0320 03a0 0000 0000 0000 0000
0698 0000 0000 0000 0000 0000 0000 0000 0000 0000 0000 ef21 0000 0000 0000 ff4f 0000 0000 0000 0000 0000 0000 0000 0000 020e 05c0 0000 0000 0000 0000 0000 0000 0000 0000 0000 0000 fb9d 0000 02e4 02df 025c 00bc 0000 0000
043a 03a0 0000 0000 0000 0000 0000 0000 0000 0000 0661 f721 0000 0000 049c 047e 0000 0000 0000 0000 0000 0000 0000 0000 ff2d ff81 0000 0000 0000 0000 0000 0000 0000 0000 0000 0000 03cc 018d 0527 0167 ff30 0441 0000 0000
0000 0000 0000 0000 0000 0000 0000 0000 0000 0000 0460 f9fb 0000 0000 fed3 023f 0196 028a 0000 0000 0291 fff1 025f 0000 0000 0000 0000 0000 0000 0000 0000 0000 0110 00ea 0000 0000 0296 0235 0300 01cc 0000 0000 0000 0000
0000 0000 0000 0000 0000 0000 0000 0000 0000 0000 062c fa1a 0000 0000 042b 038d ff54 036b 0000 0000 021a 011f 0419 03eb 0000 0000 0000 0000 0000 0000 0000 0000 ff7b ff08 0000 0000 047d 0220 06c4 04eb 0000 0000 0000 0000
01d2 ff10 0000 0000 0000 0000 0143 0000 0000 0000 00b8 f802 0000 0000 02a7 03c7 0000 0000 0000 0000 0483 006d 0000 0000 0000 ff72 fef4 0400 0000 0000 0202 03f3 0000 0000 0000 0000 0000 0000 053b 05ea 0000 0000 0000 0000
0183 01c5 0000 0000 0000 0000 023b 038a 0000 0000 ff9c fe79 0000 0000 0585 0007 0000 0000 0000 0000 04cf ffcd 0000 0000 0160 0118 020e 04e4 0000 0000 0516 0415 0000 0000 0000 0000 0000 0000 03ef 0090 0000 0000 0000 0000
0000 0000 0000 0000 0000 0000 ff00 fc9f fd4c ff8a fc7d f137 0000 0000 fc71 fb75 0000 0000 0000 0000 0000 0000 0000 0000 0000 0000 0000 0000 fd3c fb12 fc96 fcc0 0000 0000 fc7e 0120 0000 0000 f8f1 fbcb 0000 0000 0000 0000
0000 0000 0000 0000 0000 0000 0000 0000 0000 0000 0000 0000 0000 0000 0000 0000 0000 0000 0000 0000 0000 0000 0000 0000 0000 0000 0000 0000 0000 0000 0000 0000 0000 0000 0000 0000 0000 0000 0000 0000 0000 0000 0000 0000
