08 05 00 00 00 00 fb 02 ff fa fe fc 00 00 fd fe 00 00 00 00 00 00 00 00 00 00 fe fd fd 03 fd fe 00 00 01 fa 00 00 fc fe 00 00 08 00
04 01 00 00 00 00 02 01 02 00 03 fb 00 00 02 02 00 00 00 00 00 00 00 00 00 00 05 02 02 01 03 01 00 00 02 01 00 00 06 04 00 00 02 00
06 02 00 00 03 04 00 00 00 00 02 fe 00 00 01 00 00 00 00 00 00 00 00 00 00 00 06 02 03 02 00 00 00 00 04 04 03 01 05 04 02 05 00 00
04 01 00 00 01 03 00 00 00 00 02 fd 00 00 03 05 00 00 00 00 00 00 00 00 00 00 02 01 03 01 00 00 00 00 01 01 03 02 04 04 01 ff 00 00
03 01 00 00 00 00 00 00 00 00 02 fa 00 00 00 00 00 00 00 03 00 00 00 00 01 03 05 02 00 00 00 00 00 00 02 03 00 00 06 03 00 00 00 00
07 03 00 00 00 00 00 00 00 00 fe fd 00 00 00 00 00 00 02 04 00 00 00 00 02 06 03 02 00 00 00 00 00 00 01 05 00 00 02 03 00 00 00 00
04 02 00 00 01 03 00 00 00 00 03 fc 00 00 05 05 00 00 01 04 00 00 00 00 00 00 01 02 02 02 01 02 00 00 00 00 05 02 07 03 00 03 00 00
03 03 00 00 02 02 00 00 00 00 02 fe 00 00 01 ff 00 00 02 04 00 00 00 00 00 00 04 01 01 05 06 01 00 00 00 00 ff 00 ff ff 01 06 00 00
03 02 00 00 01 05 00 00 00 00 04 f8 00 00 07 06 01 04 00 00 00 00 00 00 00 00 00 00 03 01 00 00 02 02 03 02 03 03 06 05 00 00 00 00
05 03 00 00 02 03 00 00 00 00 01 ff 00 00 02 01 02 02 00 00 00 00 00 00 00 00 00 00 02 03 00 00 03 02 03 02 03 01 03 02 00 00 00 00
06 03 00 00 02 05 03 02 00 00 05 fa 00 00 05 04 00 00 00 00 00 00 00 00 00 00 08 03 04 04 06 02 05 03 04 04 05 02 06 05 01 07 00 00
02 01 00 00 01 03 02 05 00 00 04 fd 00 00 03 00 00 00 00 00 00 00 00 00 00 00 03 02 03 01 03 02 02 02 01 02 03 ff 05 03 01 03 00 00
05 04 00 00 02 04 00 00 03 03 05 00 00 00 03 04 00 00 02 04 03 02 00 00 00 00 05 02 03 04 05 02 00 00 04 03 00 00 04 03 00 00 00 00
03 03 00 00 00 03 00 00 02 ff 03 fb 00 00 04 02 00 00 02 01 04 01 00 00 00 00 03 02 01 02 03 02 00 00 01 ff 00 00 04 01 00 00 00 00
06 03 00 00 03 06 00 00 00 00 00 00 00 00 04 04 00 00 00 00 00 00 00 00 00 00 05 01 03 04 05 01 00 00 04 03 00 00 05 04 01 06 00 00
08 05 00 00 04 04 00 00 00 00 00 00 00 00 05 03 00 00 00 00 00 00 00 00 00 00 0a 04 04 07 04 04 00 00 08 05 00 00 07 05 03 09 00 00
04 02 01 02 01 04 00 00 00 00 03 f9 00 00 03 03 00 00 00 00 03 01 00 00 01 02 05 02 00 00 03 01 00 00 02 02 00 00 06 03 00 00 00 00
02 03 05 02 01 05 00 00 00 00 05 ff 00 00 05 08 00 00 00 00 04 03 00 00 02 05 03 02 00 00 05 04 00 00 03 04 00 00 09 05 00 00 00 00
06 02 00 00 01 03 04 02 02 02 04 f8 00 00 06 02 00 00 00 00 00 00 00 00 00 00 03 03 00 00 04 03 02 05 00 00 06 ff 02 04 00 00 00 00
05 02 00 00 01 05 03 01 04 02 04 fb 00 00 03 04 00 00 00 00 00 00 00 00 00 00 04 01 00 00 02 02 01 02 00 00 02 01 06 04 00 00 00 00
07 03 00 00 02 06 00 00 00 00 04 f4 00 00 07 08 03 06 00 00 00 00 00 00 00 00 00 00 00 00 00 00 00 00 00 00 05 02 08 07 00 00 00 00
04 00 00 00 00 05 00 00 00 00 03 f7 00 00 05 09 00 06 00 00 00 00 00 00 00 00 00 00 00 00 00 00 00 00 00 00 05 03 08 07 00 00 00 00
04 03 00 00 01 02 00 00 03 02 02 fa 00 00 04 05 00 00 00 00 00 00 00 00 00 00 01 01 02 02 01 03 00 00 02 01 04 01 05 03 00 00 00 00
05 01 00 00 02 04 00 00 03 02 03 fb 00 00 03 05 00 00 00 00 00 00 00 00 00 00 06 03 03 02 03 02 00 00 04 03 04 02 05 04 00 00 00 00
03 00 00 00 00 04 00 00 00 00 02 f5 00 00 03 05 00 03 00 00 00 00 00 00 00 00 00 00 03 ff 00 00 00 00 00 00 03 03 02 02 00 00 00 00
06 04 00 00 02 07 00 00 00 00 04 fc 00 00 05 08 02 05 00 00 00 00 00 00 00 00 00 00 04 03 00 00 00 00 00 00 04 03 08 06 00 00 00 00
05 03 00 00 00 00 03 04 00 00 03 fd 00 00 00 00 00 00 03 05 00 00 00 00 00 00 05 03 02 05 07 03 05 03 00 00 00 00 02 04 00 00 00 00
05 03 00 00 00 00 02 02 00 00 03 fd 00 00 00 00 00 00 01 02 00 00 00 00 00 00 07 02 02 03 04 01 02 01 00 00 00 00 05 03 00 00 00 00
04 02 00 00 01 03 00 00 00 00 02 fc 00 00 04 04 00 00 00 00 05 02 00 00 00 00 02 01 02 03 02 03 02 03 00 00 05 02 05 02 00 00 00 00
05 01 00 00 01 04 00 00 00 00 04 f9 00 00 03 02 00 00 00 00 01 01 00 00 00 00 05 01 02 02 05 01 02 01 00 00 03 01 06 04 00 00 00 00
0a 05 00 00 00 00 00 00 00 00 02 fe 00 00 05 03 00 00 04 04 00 00 00 00 03 09 05 04 00 00 03 04 05 05 03 06 06 02 08 06 00 00 00 00
04 ff 00 00 00 00 00 00 00 00 03 f6 00 00 03 02 00 00 fe fe 00 00 00 00 02 03 07 01 00 00 04 01 01 02 02 02 04 02 04 03 00 00 00 00
03 01 00 00 02 04 00 00 00 00 01 f9 00 00 01 02 00 00 00 00 00 00 00 00 00 00 02 02 03 00 00 00 00 00 03 03 02 01 01 02 00 00 00 00
04 01 00 00 00 01 00 00 00 00 00 f8 00 00 03 02 00 00 00 00 00 00 00 00 00 00 03 02 01 03 00 00 00 00 02 00 05 02 02 03 00 00 00 00
05 05 00 00 00 00 00 00 00 00 03 fd 00 00 01 01 00 00 02 04 04 03 00 00 00 00 03 02 02 06 00 00 00 00 00 00 05 01 06 03 00 00 00 00
07 05 00 00 00 00 00 00 00 00 05 fc 00 00 05 08 00 00 03 04 05 02 00 00 00 00 05 03 04 03 00 00 00 00 00 00 06 03 0a 05 00 00 00 00
02 00 00 00 00 00 00 00 00 00 00 fb 00 00 00 03 00 00 00 00 00 00 00 00 03 02 00 00 00 00 00 00 00 00 00 00 02 00 04 05 02 fd 00 00
03 04 00 00 00 00 00 00 00 00 02 fe 00 00 03 02 00 00 00 00 00 00 00 00 01 02 00 00 00 00 00 00 00 00 00 00 05 01 05 03 01 02 00 00
00 00 00 00 00 00 00 00 00 00 03 fd 00 00 02 08 ff 05 00 00 06 03 06 00 00 00 00 00 00 00 00 00 fe 04 00 00 07 01 05 04 00 00 00 00
00 00 00 00 00 00 00 00 00 00 04 fc 00 00 04 05 02 03 00 00 02 01 01 03 00 00 00 00 00 00 00 00 02 01 00 00 04 03 09 04 00 00 00 00
04 01 00 00 00 00 02 00 00 00 03 fc 00 00 03 05 00 00 00 00 03 02 00 00 00 03 06 01 00 00 02 02 00 00 00 00 00 00 05 03 00 00 00 00
06 01 00 00 00 00 05 04 00 00 04 fa 00 00 04 01 00 00 00 00 03 02 00 00 02 05 07 03 00 00 03 03 00 00 00 00 00 00 06 05 00 00 00 00
00 00 00 00 00 00 f0 f6 f3 ef f4 de 00 00 f3 e9 00 00 00 00 00 00 00 00 00 00 00 00 f5 f4 f7 f0 00 00 f6 f3 00 00 ea f0 00 00 00 00
00 00 00 00 00 00 00 00 00 00 00 00 00 00 00 00 00 00 00 00 00 00 00 00 00 00 00 00 00 00 00 00 00 00 00 00 00 00 00 00 00 00 00 00
