042a ff6c 0000 0000 0000 0000 fd66 fe4c ffc2 fe71 015a 010c 0000 0000 01b1 00df 0000 0000 0000 0000 0000 0000 0000 0000 0000 0000 00a0 005d feef fd31 0052 ff33 0000 0000 0009 fe54 0000 0000 fd7d ff44 0000 0000 038f 0000
0190 006d 0000 0000 0000 0000 011c 00f4 0021 0000 01a0 fde0 0000 0000 0235 01fb 0000 0000 0000 0000 0000 0000 0000 0000 0000 0000 0171 003e 022c 00ce 0129 030f 0000 0000 0050 0182 0000 0000 00d8 0042 0000 0000 015b 0000
0186 011f 0000 0000 025d 0180 0000 0000 0000 0000 025b febf 0000 0000 03d9 0000 0000 0000 0000 0000 0000 0000 0000 0000 0000 0000 02c6 0106 0333 02f0 0000 0000 0000 0000 0133 02b5 01e4 02b8 018c 006a 02ee 02bb 0000 0000
005e 00d9 0000 0000 00c5 0103 0000 0000 0000 0000 02d5 fed2 0000 0000 007a 019a 0000 0000 0000 0000 0000 0000 0000 0000 0000 0000 002a ffbf 025d ff95 0000 0000 0000 0000 001c 0180 0016 0263 004d 005b 0326 0052 0000 0000
018e ff32 0000 0000 0000 0000 0000 0000 0000 0000 02a0 fe5f 0000 0000 0000 0000 0000 0000 0000 ff80 0000 0000 0000 0000 0205 0189 00db fff0 0000 0000 0000 0000 0000 0000 02b2 00a5 0000 0000 019e 007a 0000 0000 0000 0000
0161 01b4 0000 0000 0000 0000 0000 0000 0000 0000 fef4 fec8 0000 0000 0000 0000 0000 0000 025a 0064 0000 0000 0000 0000 019e 0183 0139 005c 0000 0000 0000 0000 0000 0000 0067 0178 0000 0000 013a 00d4 0000 0000 0000 0000
005b 00f1 0000 0000 0340 fe62 0000 0000 0000 0000 026b ff1f 0000 0000 00ad 014b 0000 0000 0073 00d2 0000 0000 0000 0000 0000 0000 0043 020b 024a 0189 0162 0140 0000 0000 0000 0000 0273 022b 01b9 ff86 0000 0159 0000 0000
01b6 ff81 0000 0000 00e9 0181 0000 0000 0000 0000 01c7 ff2b 0000 0000 04d0 0080 0000 0000 0286 01f4 0000 0000 0000 0000 0000 0000 ff61 00f9 0084 02a5 03e2 03e4 0000 0000 0000 0000 fd53 0000 ff83 ff72 008d 0242 0000 0000
019b 012f 0000 0000 0205 00f3 0000 0000 0000 0000 02c5 fe50 0000 0000 0230 0184 0270 0018 0000 0000 0000 0000 0000 0000 0000 0000 0000 0000 0275 006c 0000 0000 0190 ff0e ffba 0171 018c 0271 00b3 fe39 0000 0000 0000 0000
0169 00c1 0000 0000 01cd ff93 0000 0000 0000 0000 0261 ffdf 0000 0000 01a7 00de 02ad 01e0 0000 0000 0000 0000 0000 0000 0000 0000 0000 0000 0260 02c0 0000 0000 022d 0245 0199 007d 0160 0198 0094 003c 0000 0000 0000 0000
000d 0078 0000 0000 043e ffd0 00de 0154 0000 0000 047a fd4e 0000 0000 02ad 0225 0000 0000 0000 0000 0000 0000 0000 0000 0000 0000 03c9 01bb 031e 04c2 04c3 034d 04d1 02c7 01f2 02df 0325 0379 0082 fee4 02d1 0335 0000 0000
ffdf 00d2 0000 0000 01dd ffe6 0024 00ae 0000 0000 0143 ff3d 0000 0000 01aa 0000 0000 0000 0000 0000 0000 0000 0000 0000 0000 0000 0172 01cd 02f5 00f3 0186 0323 0040 016f 001d 0238 031a 0294 02c3 0009 00b6 0043 0000 0000
00ef 00f9 0000 0000 006d 0050 0000 0000 01be 02a5 035f 0000 0000 0000 03a1 01e0 0000 0000 026d ffbe 032c 0320 0000 0000 0000 0000 00fd 0160 0281 030d 0339 0384 0000 0000 0213 01b8 0000 0000 ffaf ffe6 0000 0000 0000 0000
0134 00a2 0000 0000 0000 00a6 0000 0000 00af ffd0 0086 fec1 0000 0000 01ec 00ca 0000 0000 033a ff37 01ae 013d 0000 0000 0000 0000 0010 0134 020a 022a 0121 038a 0000 0000 0181 ff3c 0000 0000 0084 0010 0000 0000 0000 0000
02c3 00e9 0000 0000 0225 0126 0000 0000 0000 0000 0000 0000 0000 0000 0200 010a 0000 0000 0000 0000 0000 0000 0000 0000 0000 0000 0115 040b 0129 038a 0278 0223 0000 0000 022d 007b 0000 0000 015a fdf6 015a 01a3 0000 0000
0164 0172 0000 0000 03c7 ff14 0000 0000 0000 0000 0000 0000 0000 0000 0355 00f8 0000 0000 0000 0000 0000 0000 0000 0000 0000 0000 0316 03c5 0353 0560 03b0 047e 0000 0000 0196 fffb 0000 0000 02fd 0222 0220 043f 0000 0000
01d6 ffae 0230 01ba 0089 01ad 0000 0000 0000 0000 02be fde1 0000 0000 00f0 0290 0000 0000 0000 0000 00b2 0271 0000 0000 02cc 0135 00f8 008b 0000 0000 0182 033b 0000 0000 023e 0032 0000 0000 011b 0030 0000 0000 0000 0000
00df 01f5 0531 03ce 00fa 0285 0000 0000 0000 0000 01c5 feeb 0000 0000 0050 01b3 0000 0000 0000 0000 015a 020d 0000 0000 0215 ffab 02c5 00a6 0000 0000 022b 0315 0000 0000 ffc0 024d 0000 0000 ffa4 ff75 0000 0000 0000 0000
00bc 014f 0000 0000 0471 0062 014a ffc0 0259 01a4 00a1 fe15 0000 0000 020d 023b 0000 0000 0000 0000 0000 0000 0000 0000 0000 0000 0198 015d 0000 0000 00cc 0467 0147 0163 0000 0000 00bf 0458 0227 ff70 0000 0000 0000 0000
0193 ffaa 0000 0000 0147 01b5 00f0 0291 012e 00d3 022b fec6 0000 0000 0110 01dd 0000 0000 0000 0000 0000 0000 0000 0000 0000 0000 01b8 0012 0000 0000 01f8 035c 0343 0195 0000 0000 0156 0161 0029 00ef 0000 0000 0000 0000
024d 02ac 0000 0000 01e7 ff3b 0000 0000 0000 0000 0299 fc0b 0000 0000 03db 01d9 0198 013f 0000 0000 0000 0000 0000 0000 0000 0000 0000 0000 0000 0000 0000 0000 0000 0000 0000 0000 000d 04d6 ff7a 01f5 0000 0000 0000 0000
016c 0000 0000 0000 0000 0099 0000 0000 0000 0000 02d4 fe13 0000 0000 0106 039d 0000 0304 0000 0000 0000 0000 0000 0000 0000 0000 0000 0000 0000 0000 0000 0000 0000 0000 0000 0000 02f9 01f5 ff39 00f2 0000 0000 0000 0000
0190 ffdb 0000 0000 00ed 0018 0000 0000 00cf ff4b 0094 ff0b 0000 0000 002b 0111 0000 0000 0000 0000 0000 0000 0000 0000 0000 0000 007c 018e 01b0 016d 018d 01cb 0000 0000 00fb 0042 0036 00a5 0081 01eb 0000 0000 0000 0000
00dd ffd7 0000 0000 0092 0278 0000 0000 014d 00b0 0353 fe66 0000 0000 0290 0234 0000 0000 0000 0000 0000 0000 0000 0000 0000 0000 01f8 0245 016c 0225 021a 0255 0000 0000 028d 00fe 02c2 01c4 0104 0040 0000 0000 0000 0000
00bb 0000 0000 0000 0000 01ec 0000 0000 0000 0000 0194 ffd2 0000 0000 fead 023f 0000 00de 0000 0000 0000 0000 0000 0000 0000 0000 0000 0000 ff5f 00e7 0000 0000 0000 0000 0000 0000 02fb 0138 ff96 00c9 0000 0000 0000 0000
0215 01fb 0000 0000 0106 0164 0000 0000 0000 0000 039e fe8d 0000 0000 0294 03cc 01e5 02ea 0000 0000 0000 0000 0000 0000 0000 0000 0000 0000 026a 020f 0000 0000 0000 0000 0000 0000 02a1 0287 ffed 0090 0000 0000 0000 0000
003f 009a 0000 0000 0000 0000 020e 00ee 0000 0000 01f0 ffbf 0000 0000 0000 0000 0000 0000 0419 02bc 0000 0000 0000 0000 0000 0000 017b 0216 02fa 0418 043d 0431 0499 0234 0000 0000 0000 0000 0064 0030 0000 0000 0000 0000
01e3 ffe8 0000 0000 0000 0000 000c 01ed 0000 0000 0269 fdb4 0000 0000 0000 0000 0000 0000 01af fece 0000 0000 0000 0000 0000 0000 0216 01b0 0264 017c 0278 0446 043c 0230 0000 0000 0000 0000 ff74 ff8e 0000 0000 0000 0000
0170 012e 0000 0000 ff47 01a0 0000 0000 0000 0000 023e fef4 0000 0000 00bc 011e 0000 0000 0000 0000 00d8 007d 0000 0000 0000 0000 fe6d 0042 02d6 0185 012f 01ad 0385 0120 0000 0000 01bb 00f8 0052 fff0 0000 0000 0000 0000
023f ff9b 0000 0000 0113 02ca 0000 0000 0000 0000 024a fd1a 0000 0000 0334 02e1 0000 0000 0000 0000 0180 021b 0000 0000 0000 0000 0146 002f 01e9 01c9 0212 0293 0331 01cb 0000 0000 0105 031b 0044 0079 0000 0000 0000 0000
01e3 02e5 0000 0000 0000 0000 0000 0000 0000 0000 01f2 fecf 0000 0000 011f 00ed 0000 0000 020b 00f1 0000 0000 0000 0000 058b 024a 042e 019c 0000 0000 023a 033f 040c 03eb 0109 03ea 0426 015f 0380 01b9 0000 0000 0000 0000
01f5 fce4 0000 0000 0000 0000 0000 0000 0000 0000 0262 fcb9 0000 0000 0269 01f0 0000 0000 0040 0109 0000 0000 0000 0000 02b0 02c6 00ea 0084 0000 0000 013b 01b0 01db 002c 02e1 016c 01f6 040a 011c 0069 0000 0000 0000 0000
015b 0069 0000 0000 013f 02fa 0000 0000 0000 0000 0244 fefc 0000 0000 00eb 0193 0000 0000 0000 0000 0000 0000 0000 0000 0000 0000 022c 01f0 004b 0000 0000 0000 0000 0000 02f1 00d3 01dd 0170 020a 0044 0000 0000 0000 0000
0431 feca 0000 0000 0000 00d0 0000 0000 0000 0000 0000 fdf1 0000 0000 03f5 027f 0000 0000 0000 0000 0000 0000 0000 0000 0000 0000 feb0 0169 ffc2 ff53 0000 0000 0000 0000 02fb 0000 0360 ff33 003c 01a0 0000 0000 0000 0000
036b 000e 0000 0000 0000 0000 0000 0000 0000 0000 019c fea6 0000 0000 0233 00e9 0000 0000 035a ff6b 023f 0373 0000 0000 0000 0000 017a 0075 01ce 03eb 0000 0000 0000 0000 0000 0000 0029 010f 004f 027d 0000 0000 0000 0000
01ab 0270 0000 0000 0000 0000 0000 0000 0000 0000 02f6 fe23 0000 0000 0004 02ac 0000 0000 0045 ff03 03f9 0340 0000 0000 0000 0000 0282 022f 028f 01cf 0000 0000 0000 0000 0000 0000 02be 026d 007e 0000 0000 0000 0000 0000
0264 0000 0000 0000 0000 0000 0000 0000 0000 0000 0000 fbce 0000 0000 0000 00d6 0000 0000 0000 0000 0000 0000 0000 0000 00d9 002d 0000 0000 0000 0000 0000 0000 0000 0000 0000 0000 0154 0000 0171 018c 011d 0134 0000 0000
01a2 00a7 0000 0000 0000 0000 0000 0000 0000 0000 01f0 ff1e 0000 0000 012c 011a 0000 0000 0000 0000 0000 0000 0000 0000 034c 0075 0000 0000 0000 0000 0000 0000 0000 0000 0000 0000 020a 016a fff0 0064 0000 010f 0000 0000
0000 0000 0000 0000 0000 0000 0000 0000 0000 0000 01fc fd4d 0000 0000 fe66 03f4 00c4 0361 0000 0000 0502 0036 020e 0000 0000 0000 0000 0000 0000 0000 0000 0000 02ab 0091 0000 0000 ff86 feb7 0006 020f 0000 0000 0000 0000
0000 0000 0000 0000 0000 0000 0000 0000 0000 0000 0095 fe74 0000 0000 005e ffb5 049b fec1 0000 0000 0046 016f 02a7 01fd 0000 0000 0000 0000 0000 0000 0000 0000 018a 010e 0000 0000 034e 0473 0223 0166 0000 0000 0000 0000
019f ff55 0000 0000 0000 0000 ff94 0000 0000 0000 02da ffb0 0000 0000 0043 01a7 0000 0000 0000 0000 00d1 0210 0000 0000 0000 0140 0216 004a 0000 0000 0146 02b5 0000 0000 0000 0000 0000 0000 015e ff0b 0000 0000 0000 0000
015c ffbb 0000 0000 0000 0000 01f0 0184 0000 0000 00f8 fe81 0000 0000 01ff 0171 0000 0000 0000 0000 0070 031a 0000 0000 0570 02e3 0226 0296 0000 0000 014e 04fc 0000 0000 0000 0000 0000 0000 0332 015e 0000 0000 0000 0000
0000 0000 0000 0000 0000 0000 fbc6 f5c6 fc81 fc04 f76e f7ef 0000 0000 fa12 fe96 0000 0000 0000 0000 0000 0000 0000 0000 0000 0000 0000 0000 fc48 f52f f6ad f93b 0000 0000 fc97 fb0b 0000 0000 faad fcd0 0000 0000 0000 0000
0000 0000 0000 0000 0000 0000 0000 0000 0000 0000 0000 0000 0000 0000 0000 0000 0000 0000 0000 0000 0000 0000 0000 0000 0000 0000 0000 0000 0000 0000 0000 0000 0000 0000 0000 0000 0000 0000 0000 0000 0000 0000 0000 0000
