4b 09 03 03 03 03 00 03 03 00 02 00 03 03 03 02 03 03 03 03 03 03 03 03 03 03 01 02 01 03 02 02 03 03 05 01 03 03 02 02 03 03 34 03
0f 04 03 03 03 03 06 06 06 03 08 00 03 03 0c 06 03 03 03 03 03 03 03 03 03 03 14 08 09 06 07 09 03 03 06 07 03 03 0f 09 03 03 07 03
09 06 02 02 05 0a 02 02 02 02 0b 01 02 02 0a 02 02 02 02 02 02 02 02 02 02 02 0d 08 0a 0a 02 02 02 02 06 0a 0a 04 0c 0b 0c 0d 02 02
11 06 03 03 05 06 03 03 03 03 0b 01 03 03 08 0c 03 03 03 03 03 03 03 03 03 03 08 06 0a 03 03 03 03 03 04 08 08 05 0e 0b 09 02 03 03
08 04 03 03 03 03 03 03 03 03 0a 02 03 03 03 03 03 03 03 06 03 03 03 03 06 0c 16 0b 03 03 03 03 03 03 0a 09 03 03 10 0b 03 03 03 03
1e 0a 03 03 03 03 03 03 03 03 02 00 03 03 03 03 03 03 0a 07 03 03 03 03 06 18 0b 05 03 03 03 03 03 03 03 11 03 03 0a 0c 03 03 03 03
0d 05 03 03 07 05 03 03 03 03 0b 00 03 03 08 09 03 03 03 06 03 03 03 03 03 03 09 08 07 05 04 04 03 03 03 03 0d 07 19 07 03 06 03 03
08 06 03 03 05 0b 03 03 03 03 0b 01 03 03 0b 03 03 03 06 08 03 03 03 03 03 03 09 07 06 0f 1d 0b 03 03 03 03 03 03 03 03 06 0d 03 03
0c 09 03 03 05 0d 03 03 03 03 0b 01 03 03 0d 09 05 05 03 03 03 03 03 03 03 03 03 03 09 04 03 03 0b 05 03 0b 07 04 0d 09 03 03 03 03
0f 08 03 03 05 0a 03 03 03 03 0d 00 03 03 0b 07 06 07 03 03 03 03 03 03 03 03 03 03 05 0d 03 03 08 07 0a 02 08 06 09 05 03 03 03 03
03 03 02 02 05 04 09 04 02 02 0d 00 02 02 08 06 02 02 02 02 02 02 02 02 02 02 1d 07 06 08 0f 04 0c 04 08 10 07 06 07 03 07 0b 02 02
06 05 02 02 05 05 06 09 02 02 07 01 02 02 0b 02 02 02 02 02 02 02 02 02 02 02 0d 09 09 06 09 0a 05 07 06 07 0e 06 0c 06 05 08 02 02
09 05 02 02 04 06 02 02 08 0b 0e 02 02 02 0d 07 02 02 08 04 07 05 02 02 02 02 0b 04 09 0b 0d 07 02 02 05 0c 02 02 06 07 02 02 02 02
08 07 03 03 03 07 03 03 09 03 07 00 03 03 0e 04 03 03 07 05 0c 04 03 03 03 03 0e 08 08 0a 0b 09 03 03 08 04 03 03 0a 04 03 03 03 03
0f 08 03 03 06 14 03 03 03 03 03 03 03 03 09 05 03 03 03 03 03 03 03 03 03 03 0a 05 05 0f 0c 04 03 03 08 05 03 03 0f 04 04 0e 03 03
12 0a 02 02 0b 04 02 02 02 02 02 02 02 02 0a 05 02 02 02 02 02 02 02 02 02 02 12 06 06 12 05 09 02 02 09 05 02 02 11 08 04 12 02 02
09 04 07 07 03 09 03 03 03 03 07 01 03 03 0a 07 03 03 03 03 08 06 03 03 06 0a 12 09 03 03 0d 09 03 03 08 07 03 03 0a 07 03 03 03 03
06 08 0b 05 04 0c 03 03 03 03 0c 01 03 03 0a 13 03 03 03 03 07 05 03 03 07 06 09 05 03 03 06 09 03 03 04 07 03 03 0c 09 03 03 03 03
09 05 03 03 07 08 06 04 05 06 06 00 03 03 0f 0b 03 03 03 03 03 03 03 03 03 03 08 0a 03 03 0a 0f 07 09 03 03 0e 07 08 07 03 03 03 03
09 07 03 03 05 08 08 09 0c 04 0b 01 03 03 07 06 03 03 03 03 03 03 03 03 03 03 0e 06 03 03 0a 07 0a 08 03 03 05 05 07 06 03 03 03 03
20 09 03 03 06 08 03 03 03 03 07 00 03 03 0f 0c 06 07 03 03 03 03 03 03 03 03 03 03 03 03 03 03 03 03 03 03 06 07 0e 0d 03 03 03 03
10 03 03 03 03 0b 03 03 03 03 0b 00 03 03 0b 11 03 10 03 03 03 03 03 03 03 03 03 03 03 03 03 03 03 03 03 03 0a 05 0e 0c 03 03 03 03
0f 09 03 03 07 06 03 03 07 05 07 00 03 03 07 09 03 03 03 03 03 03 03 03 03 03 05 05 07 0b 07 06 03 03 06 07 09 03 0c 08 03 03 03 03
12 04 03 03 04 08 03 03 0a 03 0b 00 03 03 0a 09 03 03 03 03 03 03 03 03 03 03 0e 07 07 07 06 05 03 03 0a 07 09 05 0f 08 03 03 03 03
08 04 04 04 04 09 04 04 04 04 0a 00 04 04 0a 10 04 09 04 04 04 04 04 04 04 04 04 04 06 03 04 04 04 04 04 04 12 0b 0d 09 04 04 04 04
0e 08 03 03 04 0c 03 03 03 03 0c 00 03 03 0e 14 05 0c 03 03 03 03 03 03 03 03 03 03 0a 0a 03 03 03 03 03 03 09 08 09 07 03 03 03 03
09 05 03 03 03 03 05 05 03 03 0f 01 03 03 03 03 03 03 06 0b 03 03 03 03 03 03 0e 08 08 10 16 05 0e 05 03 03 03 03 03 05 03 03 03 03
11 07 03 03 03 03 08 0a 03 03 0a 01 03 03 03 03 03 03 09 03 03 03 03 03 03 03 0d 06 09 0c 0f 0a 09 07 03 03 03 03 07 06 03 03 03 03
0e 07 03 03 03 06 03 03 03 03 08 00 03 03 0b 08 03 03 03 03 08 06 03 03 03 03 04 07 07 08 04 06 0e 05 03 03 13 04 0c 07 03 03 03 03
0d 04 03 03 04 08 03 03 03 03 07 00 03 03 0c 05 03 03 03 03 07 04 03 03 03 03 0f 05 07 0c 13 06 08 08 03 03 08 08 08 07 03 03 03 03
15 07 02 02 02 02 02 02 02 02 05 00 02 02 0a 03 02 02 07 03 02 02 02 02 06 0e 0d 08 02 02 07 0a 0b 0b 05 0b 0b 04 0f 0b 02 02 02 02
07 02 03 03 03 03 03 03 03 03 0d 00 03 03 0e 06 03 03 04 04 03 03 03 03 07 08 0c 04 03 03 12 06 08 06 09 05 09 0c 06 06 03 03 03 03
15 06 03 03 06 12 03 03 03 03 05 00 03 03 06 06 03 03 03 03 03 03 03 03 03 03 0f 0a 06 03 03 03 03 03 0a 09 08 05 0a 09 03 03 03 03
14 04 04 04 04 07 04 04 04 04 04 00 04 04 0b 07 04 04 04 04 04 04 04 04 04 04 06 09 05 06 04 04 04 04 0d 04 15 06 07 08 04 04 04 04
15 07 03 03 03 03 03 03 03 03 06 01 03 03 06 05 03 03 06 06 0b 08 03 03 03 03 09 05 07 0d 03 03 03 03 03 03 0b 06 0e 09 03 03 03 03
0b 06 03 03 03 03 03 03 03 03 0a 01 03 03 08 0d 03 03 05 04 0f 07 03 03 03 03 0f 0b 0b 05 03 03 03 03 03 03 09 07 11 09 03 03 03 03
12 04 04 04 04 04 04 04 04 04 04 00 04 04 04 07 04 04 04 04 04 04 04 04 09 0c 04 04 04 04 04 04 04 04 04 04 04 04 0d 0f 09 04 04 04
0c 0b 04 04 04 04 04 04 04 04 0e 00 04 04 0c 0a 04 04 04 04 04 04 04 04 06 05 04 04 04 04 04 04 04 04 04 04 0f 06 0e 07 04 0a 04 04
03 03 03 03 03 03 03 03 03 03 0c 00 03 03 03 16 04 0e 03 03 14 05 0d 03 03 03 03 03 03 03 03 03 04 07 03 03 0b 04 0a 0a 03 03 03 03
03 03 03 03 03 03 03 03 03 03 0d 00 03 03 0a 09 07 06 03 03 05 05 09 0a 03 03 03 03 03 03 03 03 05 03 03 03 0f 0b 20 0c 03 03 03 03
0a 03 04 04 04 04 05 04 04 04 09 00 04 04 08 0e 04 04 04 04 0b 07 04 04 04 06 09 07 04 04 07 0b 04 04 04 04 04 04 11 0a 04 04 04 04
09 04 03 03 03 03 0a 0a 03 03 05 01 03 03 0d 04 03 03 03 03 09 06 03 03 09 0a 0d 0c 03 03 0a 0e 03 03 03 03 03 03 10 07 03 03 03 03
08 08 08 08 08 08 00 00 00 00 00 00 08 08 00 00 08 08 08 08 08 08 08 08 08 08 08 08 00 00 00 00 08 08 01 01 08 08 00 00 08 08 08 08
05 05 05 05 05 05 05 05 05 05 05 05 05 05 05 05 05 05 05 05 05 05 05 05 05 05 05 05 05 05 05 05 05 05 05 05 05 05 05 05 05 05 05 05
