18 5 7 10 9 14 3 9 7 4 6 5 4 12 9 9 7 10 5 16 6 10
13 6 11 6 8 9 1 9 7 6 6 5 6 11 9 8 8 10 9 17 9 6
14 6 5 5 6 13 6 8 6 9 8 4 12 12 7 6 7 11 8 14 8 6
12 3 8 6 6 11 4 12 7 11 7 5 6 8 10 10 7 7 8 12 10 3
13 8 11 7 6 14 1 16 9 6 7 8 7 8 9 8 9 10 10 16 8 3
12 6 11 12 8 18 6 12 10 8 9 4 6 16 12 13 12 11 11 19 12 7
15 6 9 6 9 13 5 13 5 9 10 7 7 12 10 12 8 9 7 12 6 3
22 11 17 9 6 10 6 16 12 11 5 11 12 20 18 14 10 20 12 21 19 6
11 10 11 9 9 16 5 19 7 6 11 4 10 12 8 13 5 11 8 23 3 3
15 5 10 10 10 21 3 15 7 6 8 6 9 11 7 11 10 7 10 16 5 5
14 7 13 8 6 28 5 29 15 8 6 8 6 3 10 10 9 8 15 30 11 4
13 3 9 6 10 16 0 17 7 6 8 7 7 11 9 9 8 10 11 17 4 2
13 2 13 6 8 21 3 21 10 8 5 6 6 7 11 8 9 8 13 18 6 4
16 6 10 11 7 12 9 10 8 11 7 6 7 17 12 15 11 9 6 14 10 7
12 4 9 6 6 17 2 13 5 4 9 5 5 9 9 11 8 6 11 17 3 2
20 7 9 9 8 17 7 13 6 12 8 8 17 17 8 12 13 13 14 21 10 10
9 5 7 2 5 16 6 8 4 5 3 1 3 9 7 6 6 8 10 8 3 3
22 5 12 9 10 15 8 15 12 13 14 7 8 13 15 11 12 9 15 24 9 6
9 2 4 2 4 9 5 8 5 6 6 4 8 5 5 5 6 6 8 17 8 5
4 6 6 6 7 14 4 19 11 6 12 10 6 7 7 6 9 6 15 22 8 1
12 7 8 11 9 17 7 13 3 8 10 9 10 17 7 10 8 9 9 19 7 4
14 7 17 26 30 46 19 36 20 20 20 19 16 22 23 25 18 23 18 38 21 10
