-0.0248 -0.0853 -0.0271 0.0901 -0.0083 0.0861 -0.3374 -0.0854 0.0949 -0.1903 -0.0242 -0.1801 -0.0288 0.2290 -0.0204 0.6778 0.1283 -0.2042 -0.1331 -0.0413 0.1076 0.0793 -0.1332 0.0588 0.2297 -0.2843 -0.0681 0.1680 -0.2147 0.0477 0.1587 0.1002 -0.0179 -0.1333 -0.0923 -0.0978 0.0093 0.0891 -0.1190 -0.0317 0.0234 -0.0337 -0.0053 0.1078
0.0338 -0.1446 0.1330 -0.0919 0.1579 0.0401 -0.0640 -0.1169 -0.0876 -0.0062 0.0601 -0.0398 -0.0973 0.0479 -0.0510 -0.1922 0.0051 -0.0803 0.0583 0.0623 0.0164 0.0014 -0.0659 0.0729 0.0413 0.0347 -0.0147 -0.0662 0.0024 -0.0913 -0.1020 0.1408 0.0028 -0.0275 -0.0250 0.4703 0.1241 -0.2719 0.0115 -0.0842 0.1362 -0.0837 -0.0119 -0.1591
0.1038 -0.1543 -0.1474 0.0762 -0.0839 0.0487 0.1085 0.1336 -0.0024 -0.0491 0.0611 0.0561 0.0868 -0.1440 -0.0685 -0.0036 0.0506 -0.0075 -0.0191 0.0522 -0.0012 0.0675 0.1850 0.0019 0.0942 -0.0367 -0.0340 -0.0430 -0.0392 -0.1118 -0.0002 -0.0286 -0.0177 0.0304 -0.0021 -0.1826 0.0444 -0.0438 0.1111 -0.0494 0.0791 0.0491 0.0194 0.0796
0.1344 0.0660 -0.0382 -0.0392 -0.0553 -0.0380 -0.2546 0.0277 0.0154 0.0143 -0.0746 0.4047 0.0734 -0.3933 -0.0365 0.0320 0.1225 -0.1901 -0.0666 -0.1694 0.1006 -0.0398 -0.1738 0.2122 -0.0771 0.1178 0.0649 0.0994 0.0329 -0.0140 0.0065 0.0396 -0.0201 -0.1907 0.0249 -0.0721 0.0722 0.1042 -0.0978 0.0363 0.0739 0.0706 0.2382 -0.0075
0.0279 -0.0226 -0.0988 0.0025 -0.0181 0.0052 -0.0792 -0.0879 -0.0102 -0.0404 0.0721 -0.1310 -0.0001 0.0457 0.0054 -0.1586 0.0307 -0.0167 -0.0283 0.0840 0.1325 0.0121 0.0356 -0.0533 -0.0157 -0.0913 -0.1499 0.0802 -0.0071 -0.0859 -0.0250 0.4052 0.0776 -0.3059 0.0021 -0.0205 0.1385 -0.0787 -0.0261 -0.1302 0.1239 -0.1158 -0.0837 0.1970
0.0101 0.0905 0.0873 0.1081 0.0828 -0.0384 0.0002 0.0668 0.0425 -0.1703 -0.0431 -0.0483 0.0571 0.0296 -0.0582 0.0309 0.0124 -0.0358 0.1258 -0.0271 0.0571 -0.0150 -0.1044 -0.0484 0.0169 -0.0380 0.0016 -0.1115 -0.0115 -0.0235 0.0675 -0.1101 -0.0001 0.0164 0.0711 -0.1279 0.0205 0.0794 -0.0886 0.1146 0.0739 0.0739 0.0057 -0.0445
-0.1034 -0.0191 -0.2050 -0.0357 0.0715 0.0011 -0.1220 0.3074 0.1070 -0.2620 0.0537 0.0282 0.0961 -0.1730 -0.0042 -0.2649 0.0750 -0.0913 -0.1437 0.0789 -0.2220 0.0060 0.0835 0.1524 -0.0159 -0.0116 0.0095 0.0065 0.0239 -0.1843 -0.0378 -0.0723 0.1087 0.0229 -0.0605 0.0766 0.0033 0.0528 0.0949 -0.0443 0.0896 -0.0675 -0.0424 0.0680
0.0164 -0.1158 -0.0104 -0.0271 0.0020 -0.0519 0.0328 -0.1487 -0.0757 -0.0685 0.1116 -0.1577 -0.0040 0.0687 -0.0767 0.0486 0.0321 0.0175 -0.1320 -0.0711 -0.1423 -0.1525 -0.1482 -0.0883 -0.0715 -0.0401 -0.1918 0.2396 0.1300 -0.2105 -0.0339 0.0891 0.1077 -0.1950 0.0538 -0.3594 0.0385 -0.2014 -0.0210 0.1024 -0.2129 0.0592 0.0443 0.1863
0.0614 0.0382 -0.0034 -0.0127 0.0602 -0.0096 -0.0818 -0.1550 0.0977 0.0770 -0.0316 0.0005 -0.0165 0.0104 0.0010 -0.0907 0.0717 -0.0332 -0.0227 0.0242 0.0986 -0.0966 0.0069 -0.0737 0.0386 -0.1007 0.0255 -0.0705 -0.0843 -0.0421 0.1129 -0.1566 0.0549 -0.0039 -0.0431 0.0710 0.1088 0.0059 0.0958 -0.0739 -0.0309 -0.0639 -0.1538 0.1811
0.0969 -0.0393 0.0702 0.4415 0.1098 -0.3846 -0.0066 -0.0526 0.1980 -0.0548 -0.0740 -0.0364 0.0835 -0.0022 -0.0871 0.1809 -0.0053 0.0616 0.0496 0.1383 0.0249 0.0101 -0.0101 0.1028 0.0047 -0.2175 -0.0638 -0.0012 0.1276 0.0206 -0.0855 0.1091 0.0469 0.1067 0.1879 0.0443 0.1355 -0.0397 -0.0672 -0.0392 -0.0011 -0.1231 -0.0469 -0.0206
-0.0177 -0.0028 0.1113 -0.1754 -0.0112 -0.0056 0.0650 -0.0016 0.0952 0.0542 0.0700 -0.0232 0.0013 0.0186 -0.0443 -0.1834 0.0723 -0.1704 -0.0564 0.2195 -0.0666 0.0422 0.0322 0.2927 0.0937 -0.2527 -0.0600 0.0021 0.0192 -0.0682 -0.0865 0.0561 0.0913 0.0271 -0.1497 -0.0081 0.1524 0.1009 -0.0068 0.1025 -0.0447 -0.0130 0.0638 0.0208
0.0777 -0.0652 -0.1157 -0.0123 0.1106 0.0445 0.0030 -0.0045 0.0670 0.1759 0.1315 0.1105 -0.0124 -0.0041 0.0204 -0.0438 -0.0137 -0.0489 -0.1108 -0.0479 0.0261 0.0125 -0.0852 -0.1306 0.1226 0.0925 0.0102 -0.0373 0.0120 -0.0223 0.0124 0.0111 0.0899 -0.0032 0.0055 0.0031 -0.0345 -0.1048 -0.0781 0.1756 -0.0032 -0.1600 0.0421 0.4645
0.0950 -0.2650 -0.0118 -0.0600 0.0955 -0.0444 -0.0362 -0.0139 0.0931 -0.0808 -0.0441 0.1669 0.0656 0.1233 0.0649 0.1151 0.0838 0.0262 -0.0569 0.0890 0.0096 -0.0431 -0.0464 0.0029 0.0862 0.0237 -0.0540 0.0274 0.0809 0.0119 0.1337 0.0354 0.0862 -0.0312 -0.0391 -0.0624 0.0469 -0.0212 -0.0690 -0.1192 -0.0638 -0.0347 0.0553 -0.0562
-0.0103 0.0793 0.0646 -0.0855 0.0666 -0.0247 -0.0185 -0.0260 0.0891 0.0248 0.0219 -0.0050 -0.0377 -0.0518 -0.0939 0.1687 0.0092 -0.1380 0.0595 0.4690 0.1134 -0.2457 -0.0130 -0.0315 0.0882 -0.0350 -0.0684 0.0871 0.1301 0.0848 -0.1057 0.1366 0.0912 0.1028 0.0542 0.0902 0.0503 -0.0031 -0.0483 0.0581 0.0016 -0.0628 -0.0317 0.0456
0.1356 0.0216 -0.0154 0.0340 0.1408 0.0534 0.1181 0.0582 0.0635 -0.0385 -0.0365 -0.0393 0.0436 -0.0054 -0.0376 -0.1044 -0.0821 -0.0477 0.0359 -0.0648 0.0153 0.0346 0.0373 -0.1139 0.0677 0.0640 -0.0014 0.1326 0.0368 -0.0028 -0.0883 -0.0108 0.0380 -0.0604 -0.1470 0.0674 0.0204 0.0066 -0.0719 0.4785 0.1309 -0.3422 0.0609 0.0981
0.0719 -0.1701 -0.0414 -0.2140 0.0617 -0.0761 -0.2444 0.1363 -0.1070 0.1065 0.0528 0.1409 -0.0011 -0.0606 0.0775 0.0536 0.0311 -0.1185 -0.0396 -0.0159 0.0061 0.0119 -0.0377 0.0536 0.0750 0.1763 0.2276 -0.0046 -0.0197 -0.0977 0.0250 0.0762 -0.0639 -0.0243 -0.0974 -0.0506 0.0627 -0.0420 -0.0865 -0.1811 0.0165 0.0373 0.0983 -0.2224
0.1588 0.0379 0.0068 0.0855 0.0909 -0.0122 -0.0853 -0.0268 -0.0235 -0.0952 -0.1474 0.2151 0.0102 -0.0221 0.0375 0.4769 0.1344 -0.3812 -0.0335 0.0132 0.1071 -0.1101 -0.0549 -0.1229 0.0755 -0.0900 -0.1547 0.1567 -0.0866 0.1193 0.0717 0.1089 -0.0007 -0.0131 0.0659 0.0539 0.0043 -0.1703 -0.0783 0.0070 0.1011 0.0741 -0.0533 0.0603
0.1113 0.1290 0.2334 0.0386 0.0785 -0.0712 -0.0404 0.0086 -0.0122 -0.0630 -0.0716 -0.0419 0.0338 -0.0168 0.0073 -0.2153 0.0450 0.0541 0.0592 -0.0964 0.0402 -0.0348 -0.0220 -0.0295 0.0196 -0.0245 0.0648 -0.1068 -0.0250 -0.1338 -0.0585 0.2077 -0.0861 -0.1846 0.0026 0.3994 0.0795 -0.2488 0.0251 -0.0373 0.1065 -0.1173 0.0333 -0.1880
0.1439 -0.1178 -0.0979 0.0007 -0.0086 0.1635 0.0259 0.2077 0.0943 -0.0828 0.0682 0.0415 0.0732 -0.0477 -0.0878 0.0062 0.0257 0.0147 0.0058 -0.0107 0.0042 0.1358 0.1187 0.0589 0.0257 -0.0089 -0.0045 -0.0148 -0.0380 -0.0941 -0.0040 -0.1785 -0.0266 0.0024 -0.0525 -0.0939 0.0765 0.0944 0.1175 -0.1403 0.0462 -0.0643 0.0156 -0.0073
-0.0236 0.0453 0.0895 -0.0489 -0.0599 -0.0843 -0.0845 0.2386 -0.0254 -0.1491 0.0681 0.4061 0.0961 -0.2354 0.0140 -0.0272 0.1204 -0.0590 0.0150 -0.0721 0.1273 -0.0641 -0.1000 0.0409 0.0056 0.0996 0.0027 0.2112 0.0314 -0.0472 0.0866 0.0408 0.0944 -0.1636 -0.0450 -0.0235 0.0705 0.0187 -0.0185 0.0448 -0.0080 0.1329 0.1496 0.0635
0.0336 -0.0106 0.0208 -0.0153 -0.0205 -0.1244 0.0088 -0.0900 -0.0505 0.0254 -0.0395 -0.1172 0.0626 0.0072 0.0834 -0.0881 0.0058 0.0707 0.0908 -0.0433 0.0402 0.0517 -0.0459 -0.0711 0.0779 -0.0984 -0.1272 0.0273 0.0274 0.0480 0.0101 0.3582 0.1457 -0.3025 0.0191 -0.0433 0.1233 -0.1008 -0.0857 -0.0407 0.0071 0.0317 -0.0654 0.1080
0.0353 0.1103 0.0497 0.0958 -0.0222 0.0394 0.0433 -0.0215 0.0305 -0.1225 -0.0090 -0.0977 0.1358 0.1047 -0.0604 0.0217 0.0373 0.0880 0.1921 0.0282 0.0337 -0.0082 0.0593 -0.1238 0.0309 0.0203 -0.1446 0.0174 -0.0651 0.0233 0.0213 -0.0561 0.0606 -0.0154 -0.0018 -0.0035 0.0343 0.0669 -0.0061 -0.0289 0.0681 0.0693 -0.0427 -0.0493
-0.0083 -0.0276 -0.2010 -0.0512 0.0716 0.1311 -0.0959 0.3624 0.1823 -0.3787 -0.0409 0.0082 0.1541 -0.1917 -0.0355 -0.1186 0.0054 0.0348 -0.1407 0.1333 -0.0662 0.0490 0.0615 0.1075 -0.0463 0.0265 0.0589 -0.0168 0.0498 -0.1159 -0.0127 -0.0699 0.1509 0.1135 -0.0690 0.0685 0.0659 0.1423 0.2357 -0.0438 0.0456 0.0119 0.0248 -0.0994
0.0213 -0.0209 -0.1116 0.0651 -0.0564 0.0037 0.0548 -0.1130 0.0074 -0.0542 0.0278 -0.0031 0.0035 0.0825 0.0305 0.0836 0.0160 0.0167 -0.0411 -0.0328 0.0092 -0.1513 -0.1156 0.0639 0.0495 -0.0551 -0.0108 0.3895 0.1004 -0.2351 0.1086 -0.0269 0.0704 -0.1429 0.0481 -0.2070 0.0472 -0.1733 -0.1940 0.0322 -0.0935 0.1296 0.1145 0.1657
0.0561 -0.0244 0.0777 0.0077 0.1151 -0.2586 -0.0885 -0.0731 0.0776 0.0223 0.0017 0.0455 -0.0363 0.0541 0.0623 -0.0072 0.0718 -0.1295 0.0817 -0.0137 0.0226 -0.0974 -0.0111 -0.0484 -0.0808 -0.0320 -0.0223 -0.1085 0.0039 -0.0272 0.1202 -0.1160 -0.0432 0.0160 0.0405 0.0710 0.0671 -0.0212 0.0253 -0.0890 0.0731 -0.1837 -0.0927 0.1170
0.0041 -0.1089 0.0377 0.3903 0.1004 -0.1747 0.1322 -0.0808 0.0939 -0.0661 0.0542 -0.1065 0.0494 -0.1608 -0.1426 0.0311 0.0724 0.1238 0.1570 0.1261 0.1073 -0.0412 0.0495 0.0404 0.1344 -0.2702 -0.0850 -0.0957 0.0549 0.0251 -0.0067 0.0323 -0.0592 -0.0238 0.0294 0.0272 0.0822 -0.0990 0.0869 -0.0866 0.0392 -0.1055 -0.0032 -0.1331
-0.1146 -0.0106 0.0061 -0.0492 0.0002 0.0094 0.1362 -0.0901 0.1378 0.0511 0.0049 0.1203 0.1102 -0.1339 -0.0515 -0.0681 0.0136 -0.0875 -0.0570 0.3028 0.0390 -0.1212 0.1183 0.4964 0.0825 -0.2721 0.0165 -0.0892 0.0624 -0.0400 -0.0045 -0.0694 0.0807 -0.1530 -0.1065 0.0728 0.0117 0.1500 0.0942 0.0738 0.1290 -0.0295 0.0156 0.1405
0.0594 -0.1106 -0.1530 0.0259 0.0771 -0.0285 -0.0420 0.1112 0.0679 0.0994 0.1406 0.0853 0.1115 -0.0854 -0.0423 0.0228 -0.0346 -0.1003 -0.0007 -0.0991 0.0012 0.0045 0.0212 -0.1288 0.0519 0.1204 0.1252 -0.0667 0.0730 0.0120 0.0227 0.1262 0.0048 -0.0816 -0.0058 -0.0519 0.0334 -0.0873 -0.0397 0.2614 -0.0056 -0.1079 0.0456 0.4582
0.0816 -0.1510 0.1021 -0.0530 -0.0090 -0.0537 0.0144 -0.1025 0.0683 -0.1122 -0.0681 0.0039 -0.0315 0.0920 0.0763 0.0994 0.0995 -0.0963 0.0213 0.1144 0.0774 -0.0149 -0.1063 -0.0099 0.0346 -0.0368 -0.0282 0.0801 0.0273 0.1105 0.1359 0.1138 0.0883 -0.0691 -0.0153 0.0879 -0.0670 -0.0809 -0.0099 -0.0600 0.0272 0.0130 -0.0480 -0.0808
0.0440 0.0499 0.0588 -0.1283 0.0045 -0.0007 -0.0286 0.0538 0.1137 -0.0394 0.0363 -0.0768 -0.0362 -0.0773 -0.1135 0.0913 0.0738 -0.1001 0.0328 0.4006 0.0605 -0.2316 -0.0268 -0.1130 0.0925 -0.0367 -0.0023 0.0156 0.0929 -0.0590 -0.0463 0.1258 0.1083 0.0876 0.1260 0.0791 0.1491 0.0164 -0.0650 0.1021 0.0786 -0.0621 -0.0713 -0.0013
0.1064 -0.0175 -0.0173 0.0901 0.0065 0.0059 0.0492 0.0103 0.1419 -0.0137 -0.1235 -0.0844 0.0636 -0.0370 0.0260 -0.0525 -0.0926 -0.0074 0.1178 -0.0296 -0.0015 -0.0122 0.0430 -0.0370 -0.0314 -0.0572 0.0249 0.0727 0.1154 -0.0222 0.0855 -0.1052 0.0655 -0.0834 -0.0488 0.2206 0.0251 -0.1849 0.1930 0.3478 0.0099 -0.1669 -0.0065 -0.1151
0.1172 0.0615 -0.1163 0.0688 0.0643 -0.0944 -0.0856 0.1659 0.3260 0.0932 0.1881 0.0278 0.1693 0.0157 -0.0576 0.2109 0.0801 -0.1895 -0.0300 0.0500 0.0737 -0.0136 0.0067 0.0769 0.0186 0.0219 0.0010 0.0497 0.1306 -0.0235 -0.1510 -0.0881 0.0389 -0.0435 0.0057 -0.1673 -0.0774 -0.0183 0.1364 -0.0128 -0.0065 0.0143 0.0687 -0.0840
0.0805 -0.0107 -0.0300 -0.0078 0.0985 -0.0419 0.0049 -0.0754 0.0010 -0.1089 -0.0864 0.1715 -0.0162 -0.1225 0.0552 0.4153 0.1264 -0.2763 0.0188 -0.0682 0.1418 -0.0824 -0.0093 -0.0862 0.1226 -0.0500 -0.0389 0.0996 -0.0069 0.1177 0.0721 0.1273 0.0692 -0.0487 0.0107 0.0661 0.0331 -0.0906 -0.0704 0.0007 0.0897 0.0252 -0.0272 -0.0148
0.0436 0.0752 0.1393 0.0445 0.0995 -0.0314 -0.0473 -0.0666 0.0092 -0.0605 -0.0069 -0.0848 -0.0666 -0.0153 0.0305 -0.1185 0.0857 0.0368 0.0508 -0.0448 0.0761 -0.0099 -0.0438 0.0785 0.0950 -0.0173 0.0481 -0.0593 -0.0117 -0.0689 -0.1205 0.1876 0.0481 -0.1205 0.0617 0.5175 0.1055 -0.3009 0.0681 -0.0823 0.1535 -0.0943 -0.0234 -0.0949
0.1497 -0.0406 -0.1180 0.1215 -0.0471 0.1182 0.0936 0.1544 0.0732 -0.0813 0.0111 0.0905 0.0363 -0.1745 -0.0694 -0.0043 0.0855 -0.0101 -0.0307 0.0467 0.0145 0.0764 0.1684 0.0442 0.0989 -0.0536 -0.0785 -0.0057 -0.0121 -0.0789 0.0022 -0.0720 -0.0435 -0.0107 0.0589 -0.1564 0.0809 0.0036 0.0569 -0.1182 0.0354 -0.0736 0.0109 0.0669
0.1255 -0.0352 0.0673 -0.0580 0.0456 -0.0957 -0.0607 0.2369 0.0288 -0.1763 0.2206 0.3747 0.0082 -0.2158 -0.0053 -0.0651 0.1611 0.0535 -0.1161 0.0674 0.0965 -0.0526 -0.1021 0.2077 0.2675 0.0973 0.1260 0.0356 0.1474 -0.0214 -0.0714 0.1939 0.0079 -0.2454 -0.0077 0.0696 0.0544 0.0030 -0.0107 0.0523 0.0494 0.0497 0.0636 0.0650
0.0985 -0.0260 -0.1295 -0.0608 -0.0029 -0.0342 -0.0043 -0.1771 -0.0555 -0.0460 0.1163 -0.0803 0.0170 0.0552 0.0432 -0.0952 -0.0065 -0.0534 0.0196 -0.0293 0.1045 -0.0083 0.0671 -0.0360 0.0532 -0.0974 -0.0469 0.1841 -0.0334 -0.1783 0.1218 0.4150 0.0558 -0.2050 -0.0224 -0.0450 0.1208 0.0428 -0.0573 0.0995 0.1057 -0.0085 -0.0910 0.1604
0.3145 0.0917 0.0906 0.0656 0.1372 -0.0048 -0.1158 0.1604 0.0766 -0.1451 -0.0054 0.0515 0.0656 0.0281 -0.0055 0.0228 0.0628 0.0413 0.0732 0.0593 0.0702 -0.0038 -0.0924 -0.1082 0.0133 -0.0146 -0.0072 -0.1337 -0.1038 -0.0368 0.0859 -0.0300 0.0301 0.0597 0.0570 -0.0641 0.0272 -0.0199 -0.0147 -0.0283 -0.0632 0.0393 -0.0543 -0.0995
0.0097 -0.1290 0.0256 0.2801 -0.1086 -0.0694 -0.0410 0.3241 0.1336 -0.1788 -0.0105 0.0513 -0.0191 -0.0529 -0.0970 0.0257 0.1385 -0.0028 -0.0973 -0.0711 0.0662 -0.0107 -0.0201 0.1169 -0.0830 -0.0678 0.0913 0.0427 0.0912 0.0745 -0.1230 0.0261 0.1376 -0.0147 0.0372 0.0105 0.1003 0.1646 0.1020 0.1206 0.0047 -0.0216 0.0799 0.0352
-0.0398 -0.0926 -0.0566 -0.0267 0.0732 -0.0300 -0.1561 -0.1314 0.0275 0.0659 0.0552 -0.0933 0.0130 -0.0201 0.0005 0.0075 -0.0392 0.0065 -0.0704 -0.0951 -0.0006 -0.1286 0.0094 0.2690 -0.1133 -0.0393 -0.0728 0.3401 0.1366 -0.1852 -0.0268 0.0066 0.0375 -0.0595 -0.0355 -0.0822 0.0959 -0.1122 -0.0748 -0.0234 0.0289 -0.0058 0.0171 0.1065
-0.0481 -0.0743 0.1056 0.0283 0.1174 0.0779 -0.1116 -0.0296 0.1659 0.0114 0.0454 0.0390 0.0763 0.0890 0.0978 0.1043 0.0742 -0.0186 0.0735 -0.0221 -0.0155 -0.0815 -0.0253 -0.0010 0.0830 0.0095 -0.1129 -0.1069 0.0295 0.0046 0.0569 -0.0370 0.0350 -0.0405 0.0455 0.0773 0.0813 -0.0261 0.0099 0.0118 -0.0660 -0.0674 -0.0728 0.2664
0.0581 -0.1580 0.1202 0.4621 0.0614 -0.3284 -0.0363 -0.0232 0.1338 -0.0390 -0.0269 0.0462 0.1164 -0.1322 -0.0805 0.1881 0.1064 0.0971 0.0350 0.0940 0.0718 -0.0346 0.0382 0.1258 0.0380 -0.1622 -0.0459 0.0026 0.1175 0.0093 -0.0721 0.1185 0.1157 0.1001 0.1032 0.0970 0.1140 -0.0318 0.0131 -0.0316 -0.0317 -0.1096 -0.0177 -0.1027
-0.0383 -0.0196 0.0325 -0.1004 -0.0447 0.1019 0.0503 -0.0379 0.0592 0.0069 0.0500 0.0571 0.0065 0.0028 -0.0229 0.0097 0.0068 -0.1372 -0.0571 0.2023 0.0625 -0.0755 0.0794 0.4572 0.0683 -0.2527 0.0023 -0.0352 0.0598 -0.0742 -0.0321 -0.0126 0.0915 -0.0952 -0.1497 0.0724 0.0726 0.0794 0.0342 0.1233 0.0444 -0.0620 0.0731 0.0649
0.0696 -0.1145 -0.0727 0.0316 0.1203 -0.0393 -0.0174 0.0996 0.0946 0.1574 0.1114 0.1080 0.0224 -0.0330 0.0548 -0.0254 -0.0687 -0.0459 -0.0684 -0.0568 -0.0272 -0.0025 -0.0587 -0.1016 0.0399 0.0644 0.0604 -0.0867 0.0966 0.0419 -0.0473 0.1208 0.0541 -0.0234 -0.1216 -0.0436 -0.1140 -0.1580 -0.1233 0.1765 0.0290 -0.0795 -0.0102 0.4781
