18 0 0 10 9 14 0 9 0 0 0 0 0 12 9 9 0 10 0 16 0 10
13 0 11 0 0 9 0 9 0 0 0 0 0 11 9 0 0 10 9 17 9 0
14 0 0 0 0 13 0 0 0 9 0 0 12 12 0 0 0 11 0 14 0 0
12 0 8 0 0 11 0 12 0 11 0 0 0 8 10 10 0 0 8 12 10 0
13 0 11 0 0 14 0 16 9 0 0 0 0 0 9 0 9 10 10 16 0 0
12 0 11 12 0 18 0 12 0 0 0 0 0 16 12 13 12 11 11 19 12 0
15 0 9 0 9 13 0 13 0 9 10 0 0 12 10 12 0 9 0 12 0 0
22 0 17 0 0 0 0 16 0 0 0 0 0 20 18 14 0 20 0 21 19 0
11 10 11 0 0 16 0 19 0 0 11 0 10 12 0 13 0 11 0 23 0 0
15 0 10 10 10 21 0 15 0 0 0 0 0 11 0 11 10 0 10 16 0 0
14 0 13 0 0 28 0 29 15 0 0 0 0 0 0 0 0 0 15 30 0 0
13 0 9 0 10 16 0 17 0 0 0 0 0 11 9 9 0 10 11 17 0 0
13 0 13 0 0 21 0 21 10 0 0 0 0 0 11 0 0 0 13 18 0 0
16 0 0 11 0 12 0 0 0 11 0 0 0 17 12 15 11 0 0 14 0 0
12 0 9 0 0 17 0 13 0 0 9 0 0 9 9 11 8 0 11 17 0 0
20 0 0 0 0 17 0 13 0 12 0 0 17 17 0 12 13 13 14 21 0 0
9 0 7 0 0 16 0 8 0 0 0 0 0 9 7 0 0 8 10 8 0 0
22 0 0 0 0 15 0 15 0 13 14 0 0 13 15 0 0 0 15 24 0 0
9 0 0 0 0 9 0 8 0 0 0 0 8 0 0 0 0 0 8 17 8 0
0 0 0 0 0 14 0 19 11 0 12 10 0 0 0 0 9 0 15 22 0 0
12 0 0 11 0 17 0 13 0 0 10 0 10 17 0 10 0 0 0 19 0 0
0 0 0 26 30 46 0 36 0 0 0 0 0 0 23 25 0 23 0 38 0 0
