25.3516 8.9297 0.0000 0.0000 0.0000 0.0000 -9.6055 1.2617 0.5430 -10.4766 -1.8945 -9.5977 0.0000 0.0000 0.7070 -1.1094 0.0000 0.0000 0.0000 0.0000 0.0000 0.0000 0.0000 0.0000 0.0000 0.0000 -4.6133 -3.3125 -5.6094 0.8086 -2.4336 -3.5508 0.0000 0.0000 4.2188 -8.1875 0.0000 0.0000 -1.0547 -0.6641 0.0000 0.0000 22.4609 0.0000
12.5508 2.2695 0.0000 0.0000 0.0000 0.0000 5.7500 5.2617 5.2812 0.0000 7.1758 -11.5938 0.0000 0.0000 10.7695 5.6172 0.0000 0.0000 0.0000 0.0000 0.0000 0.0000 0.0000 0.0000 0.0000 0.0000 14.6875 7.7734 8.5977 5.9414 6.6602 8.4766 0.0000 0.0000 5.3633 6.1719 0.0000 0.0000 12.5039 8.5430 0.0000 0.0000 6.5977 0.0000
9.3281 6.3047 0.0000 0.0000 5.3164 9.9453 0.0000 0.0000 0.0000 0.0000 10.4961 -4.5508 0.0000 0.0000 10.1875 0.0000 0.0000 0.0000 0.0000 0.0000 0.0000 0.0000 0.0000 0.0000 0.0000 0.0000 12.2227 8.4023 9.6953 10.3555 0.0000 0.0000 0.0000 0.0000 6.0820 10.3164 10.1367 3.6484 11.5156 10.5000 11.1133 11.8203 0.0000 0.0000
12.2812 4.3633 0.0000 0.0000 2.7695 3.6992 0.0000 0.0000 0.0000 0.0000 8.9922 -9.4688 0.0000 0.0000 6.4062 9.6680 0.0000 0.0000 0.0000 0.0000 0.0000 0.0000 0.0000 0.0000 0.0000 0.0000 5.9688 3.6602 8.3320 -0.1094 0.0000 0.0000 0.0000 0.0000 1.6484 6.7656 6.7148 3.3359 10.4336 8.8281 7.5469 -2.3125 0.0000 0.0000
6.2812 1.7344 0.0000 0.0000 0.0000 0.0000 0.0000 0.0000 0.0000 0.0000 7.6133 -3.2812 0.0000 0.0000 0.0000 0.0000 0.0000 0.0000 0.0000 3.5391 0.0000 0.0000 0.0000 0.0000 3.9258 9.4531 14.0547 8.2656 0.0000 0.0000 0.0000 0.0000 0.0000 0.0000 7.4922 6.9180 0.0000 0.0000 11.4375 8.6953 0.0000 0.0000 0.0000 0.0000
17.5000 8.9180 0.0000 0.0000 0.0000 0.0000 0.0000 0.0000 0.0000 0.0000 -1.4570 -10.3086 0.0000 0.0000 0.0000 0.0000 0.0000 0.0000 8.7188 5.8125 0.0000 0.0000 0.0000 0.0000 4.5547 15.7070 9.9141 3.6055 0.0000 0.0000 0.0000 0.0000 0.0000 0.0000 1.1055 12.8984 0.0000 0.0000 9.0781 10.0547 0.0000 0.0000 0.0000 0.0000
10.7852 3.6562 0.0000 0.0000 5.2930 3.2539 0.0000 0.0000 0.0000 0.0000 8.9648 -12.4727 0.0000 0.0000 7.0273 7.7734 0.0000 0.0000 0.0547 4.9609 0.0000 0.0000 0.0000 0.0000 0.0000 0.0000 7.7461 6.7891 6.2852 3.4844 1.1758 1.1602 0.0000 0.0000 0.0000 0.0000 10.4531 5.5586 15.5469 5.9336 0.0000 4.1133 0.0000 0.0000
8.2383 6.4648 0.0000 0.0000 4.1133 10.7344 0.0000 0.0000 0.0000 0.0000 10.5508 -5.6250 0.0000 0.0000 11.0039 0.3164 0.0000 0.0000 6.5117 8.4062 0.0000 0.0000 0.0000 0.0000 0.0000 0.0000 9.4258 7.0273 6.5000 12.9102 18.2070 10.6836 0.0000 0.0000 0.0000 0.0000 1.9805 0.0000 0.9531 1.5898 5.6523 11.9609 0.0000 0.0000
10.1484 7.8516 0.0000 0.0000 3.8086 10.3086 0.0000 0.0000 0.0000 0.0000 9.6289 -6.9102 0.0000 0.0000 10.5977 7.7148 3.5430 3.2773 0.0000 0.0000 0.0000 0.0000 0.0000 0.0000 0.0000 0.0000 0.0000 0.0000 7.5977 2.5273 0.0000 0.0000 9.4961 3.5117 -0.3672 9.3320 6.2305 1.5117 10.8867 7.6523 0.0000 0.0000 0.0000 0.0000
10.9961 6.7617 0.0000 0.0000 2.3047 8.0234 0.0000 0.0000 0.0000 0.0000 10.0703 -14.6211 0.0000 0.0000 8.6562 4.8633 4.6055 4.9570 0.0000 0.0000 0.0000 0.0000 0.0000 0.0000 0.0000 0.0000 0.0000 0.0000 3.0781 10.2812 0.0000 0.0000 6.0195 4.9102 7.9531 -3.2422 6.6797 4.1211 7.6367 2.7539 0.0000 0.0000 0.0000 0.0000
2.8516 3.8359 0.0000 0.0000 7.7539 5.8945 12.0039 6.1719 0.0000 0.0000 14.9648 -8.6914 0.0000 0.0000 10.9375 9.3594 0.0000 0.0000 0.0000 0.0000 0.0000 0.0000 0.0000 0.0000 0.0000 0.0000 21.1602 9.6289 9.1289 11.0508 15.6406 5.7617 13.8516 6.4336 11.3047 16.5234 9.6680 8.7891 9.8125 4.5547 9.6133 13.7383 0.0000 0.0000
5.6523 5.5078 0.0000 0.0000 4.5234 5.3438 5.8164 9.1953 0.0000 0.0000 7.1445 -8.5156 0.0000 0.0000 10.8477 0.0000 0.0000 0.0000 0.0000 0.0000 0.0000 0.0000 0.0000 0.0000 0.0000 0.0000 12.2734 8.9102 9.3008 6.4336 9.6133 10.0391 5.0664 6.8281 6.2500 7.1523 12.4961 5.6445 11.5938 6.3945 5.1250 8.5312 0.0000 0.0000
10.0430 5.3008 0.0000 0.0000 4.5898 7.0820 0.0000 0.0000 9.3398 11.7305 13.4453 0.0000 0.0000 0.0000 12.4570 7.8320 0.0000 0.0000 8.6797 3.9648 8.0039 5.5195 0.0000 0.0000 0.0000 0.0000 11.6758 4.5977 9.6484 11.7891 12.6094 8.3867 0.0000 0.0000 4.9023 12.3906 0.0000 0.0000 6.9258 7.5469 0.0000 0.0000 0.0000 0.0000
7.8008 6.0273 0.0000 0.0000 0.0000 6.0742 0.0000 0.0000 8.3281 -0.8164 6.5820 -10.2500 0.0000 0.0000 11.8516 3.1328 0.0000 0.0000 6.9258 3.4727 10.4648 2.1914 0.0000 0.0000 0.0000 0.0000 11.8008 7.4961 7.1953 9.4688 10.0820 8.0195 0.0000 0.0000 7.5469 1.6680 0.0000 0.0000 9.2773 2.7500 0.0000 0.0000 0.0000 0.0000
12.6992 8.3438 0.0000 0.0000 6.2305 14.8359 0.0000 0.0000 0.0000 0.0000 0.0000 0.0000 0.0000 0.0000 9.1211 5.0586 0.0000 0.0000 0.0000 0.0000 0.0000 0.0000 0.0000 0.0000 0.0000 0.0000 9.4414 4.5977 5.0430 12.9805 11.0195 2.9375 0.0000 0.0000 7.5195 4.0586 0.0000 0.0000 12.6523 2.0195 2.3477 12.2812 0.0000 0.0000
15.6133 10.8164 0.0000 0.0000 11.6445 4.8594 0.0000 0.0000 0.0000 0.0000 0.0000 0.0000 0.0000 0.0000 11.2539 5.6055 0.0000 0.0000 0.0000 0.0000 0.0000 0.0000 0.0000 0.0000 0.0000 0.0000 15.8438 7.9375 7.4102 15.5938 5.5977 10.2695 0.0000 0.0000 10.3242 6.3125 0.0000 0.0000 15.0859 9.5469 5.0156 15.5625 0.0000 0.0000
9.1172 2.8672 7.3516 6.6836 1.5156 9.0703 0.0000 0.0000 0.0000 0.0000 7.1250 -8.3867 0.0000 0.0000 9.9805 7.1758 0.0000 0.0000 0.0000 0.0000 8.2891 5.5430 0.0000 0.0000 5.2188 9.4922 14.1484 8.6914 0.0000 0.0000 11.6875 9.0859 0.0000 0.0000 8.2422 6.9570 0.0000 0.0000 9.7773 7.4531 0.0000 0.0000 0.0000 0.0000
5.6016 7.3711 9.8516 3.5820 2.4688 10.7109 0.0000 0.0000 0.0000 0.0000 10.6836 -8.1914 0.0000 0.0000 9.6133 14.4102 0.0000 0.0000 0.0000 0.0000 6.5117 3.6992 0.0000 0.0000 6.0547 5.2617 8.6289 3.9727 0.0000 0.0000 5.3750 8.3516 0.0000 0.0000 1.6055 6.7344 0.0000 0.0000 10.6250 8.7656 0.0000 0.0000 0.0000 0.0000
9.4023 4.5391 0.0000 0.0000 7.1875 7.7617 6.4219 2.8594 4.4766 6.2500 6.4609 -10.1289 0.0000 0.0000 12.9805 10.3281 0.0000 0.0000 0.0000 0.0000 0.0000 0.0000 0.0000 0.0000 0.0000 0.0000 8.1523 10.1602 0.0000 0.0000 9.7852 12.9336 7.2305 8.7109 0.0000 0.0000 12.3359 7.3906 8.6133 7.0508 0.0000 0.0000 0.0000 0.0000
7.5664 5.6602 0.0000 0.0000 2.8398 6.6836 6.9102 8.0117 9.8047 1.6914 8.9219 -6.3867 0.0000 0.0000 6.1250 5.1758 0.0000 0.0000 0.0000 0.0000 0.0000 0.0000 0.0000 0.0000 0.0000 0.0000 10.8359 4.6992 0.0000 0.0000 8.6289 5.6055 8.8359 6.4102 0.0000 0.0000 3.3164 3.9492 5.2539 4.7539 0.0000 0.0000 0.0000 0.0000
17.5938 7.9570 0.0000 0.0000 4.5898 7.3516 0.0000 0.0000 0.0000 0.0000 6.4453 -25.1641 0.0000 0.0000 11.5312 9.7930 5.3594 5.9570 0.0000 0.0000 0.0000 0.0000 0.0000 0.0000 0.0000 0.0000 0.0000 0.0000 0.0000 0.0000 0.0000 0.0000 0.0000 0.0000 0.0000 0.0000 4.9062 6.3438 11.2500 10.6836 0.0000 0.0000 0.0000 0.0000
11.3906 0.0000 0.0000 0.0000 0.0000 8.5312 0.0000 0.0000 0.0000 0.0000 8.5078 -18.6211 0.0000 0.0000 8.8672 11.9961 0.0000 11.3906 0.0000 0.0000 0.0000 0.0000 0.0000 0.0000 0.0000 0.0000 0.0000 0.0000 0.0000 0.0000 0.0000 0.0000 0.0000 0.0000 0.0000 0.0000 8.0234 2.9531 10.2344 9.5781 0.0000 0.0000 0.0000 0.0000
11.2422 6.8125 0.0000 0.0000 5.2695 4.3867 0.0000 0.0000 5.0430 2.9570 5.5117 -12.3633 0.0000 0.0000 5.2500 7.5078 0.0000 0.0000 0.0000 0.0000 0.0000 0.0000 0.0000 0.0000 0.0000 0.0000 2.1328 2.5117 5.1602 8.5625 5.2617 4.4609 0.0000 0.0000 3.5469 5.1289 7.0547 0.0547 9.3711 6.1953 0.0000 0.0000 0.0000 0.0000
14.6445 3.3906 0.0000 0.0000 3.7461 7.8984 0.0000 0.0000 10.0234 2.0039 10.6602 -15.9258 0.0000 0.0000 10.3398 9.1289 0.0000 0.0000 0.0000 0.0000 0.0000 0.0000 0.0000 0.0000 0.0000 0.0000 12.5195 7.7070 7.1250 7.5430 6.3594 5.5156 0.0000 0.0000 9.7188 7.2812 9.3281 5.2344 12.9609 8.4375 0.0000 0.0000 0.0000 0.0000
5.5352 0.0000 0.0000 0.0000 0.0000 6.8320 0.0000 0.0000 0.0000 0.0000 7.5078 -19.1211 0.0000 0.0000 7.2305 11.1602 0.0000 6.7773 0.0000 0.0000 0.0000 0.0000 0.0000 0.0000 0.0000 0.0000 0.0000 0.0000 4.0000 -0.5508 0.0000 0.0000 0.0000 0.0000 0.0000 0.0000 12.1328 7.8320 9.2344 6.3555 0.0000 0.0000 0.0000 0.0000
12.1094 7.8164 0.0000 0.0000 2.4414 10.9766 0.0000 0.0000 0.0000 0.0000 10.4492 -9.7188 0.0000 0.0000 11.9727 14.6016 3.4961 11.0117 0.0000 0.0000 0.0000 0.0000 0.0000 0.0000 0.0000 0.0000 0.0000 0.0000 9.0000 9.5352 0.0000 0.0000 0.0000 0.0000 0.0000 0.0000 8.7344 7.4219 8.7930 7.0898 0.0000 0.0000 0.0000 0.0000
7.8320 4.1172 0.0000 0.0000 0.0000 0.0000 4.1602 4.3047 0.0000 0.0000 11.7383 -9.2188 0.0000 0.0000 0.0000 0.0000 0.0000 0.0000 4.9805 9.9023 0.0000 0.0000 0.0000 0.0000 0.0000 0.0000 11.2148 6.9180 7.3516 12.7305 14.9297 4.1758 11.6914 4.3125 0.0000 0.0000 0.0000 0.0000 -0.2031 3.0312 0.0000 0.0000 0.0000 0.0000
13.0781 6.0742 0.0000 0.0000 0.0000 0.0000 7.6055 8.9688 0.0000 0.0000 8.6953 -7.1562 0.0000 0.0000 0.0000 0.0000 0.0000 0.0000 8.1758 -0.6836 0.0000 0.0000 0.0000 0.0000 0.0000 0.0000 10.9219 5.2617 8.5430 10.2148 12.1680 8.9297 8.5195 6.0195 0.0000 0.0000 0.0000 0.0000 6.7227 5.2539 0.0000 0.0000 0.0000 0.0000
11.3242 5.8203 0.0000 0.0000 0.0273 4.9844 0.0000 0.0000 0.0000 0.0000 7.3828 -20.4727 0.0000 0.0000 9.6094 7.4258 0.0000 0.0000 0.0000 0.0000 7.1172 4.8672 0.0000 0.0000 0.0000 0.0000 1.6562 5.7344 5.7734 6.8125 2.1055 4.9414 11.1875 3.9531 0.0000 0.0000 13.4961 1.2812 10.0078 6.0859 0.0000 0.0000 0.0000 0.0000
11.4219 3.4844 0.0000 0.0000 3.0352 7.6719 0.0000 0.0000 0.0000 0.0000 6.9219 -10.0703 0.0000 0.0000 11.3359 4.4844 0.0000 0.0000 0.0000 0.0000 6.5391 3.5742 0.0000 0.0000 0.0000 0.0000 12.6094 5.1172 7.2109 11.0391 14.5938 5.9375 8.4180 7.9062 0.0000 0.0000 7.8203 7.5469 8.2227 7.1562 0.0000 0.0000 0.0000 0.0000
18.0156 9.6406 0.0000 0.0000 0.0000 0.0000 0.0000 0.0000 0.0000 0.0000 6.5977 -9.3516 0.0000 0.0000 12.0977 4.2031 0.0000 0.0000 9.8398 3.8047 0.0000 0.0000 0.0000 0.0000 8.0781 14.5859 14.3711 10.2617 0.0000 0.0000 9.8125 12.1367 12.9375 13.0469 6.3555 12.9727 12.9375 5.4297 15.3633 12.8125 0.0000 0.0000 0.0000 0.0000
6.2539 -2.1133 0.0000 0.0000 0.0000 0.0000 0.0000 0.0000 0.0000 0.0000 10.9766 -12.5312 0.0000 0.0000 11.2773 5.0742 0.0000 0.0000 2.1523 2.3945 0.0000 0.0000 0.0000 0.0000 5.8672 7.2773 10.3867 2.8047 0.0000 0.0000 13.2617 4.5117 6.6328 4.5234 8.0273 4.0156 7.7500 9.8906 5.2266 5.2578 0.0000 0.0000 0.0000 0.0000
14.4922 4.1367 0.0000 0.0000 4.7344 12.9805 0.0000 0.0000 0.0000 0.0000 3.8086 -13.5156 0.0000 0.0000 4.9297 4.7188 0.0000 0.0000 0.0000 0.0000 0.0000 0.0000 0.0000 0.0000 0.0000 0.0000 11.7070 8.5352 5.1719 0.0000 0.0000 0.0000 0.0000 0.0000 8.7422 7.5703 7.1406 2.6914 8.9336 7.6914 0.0000 0.0000 0.0000 0.0000
12.8516 1.0273 0.0000 0.0000 0.0000 4.8125 0.0000 0.0000 0.0000 0.0000 0.0000 -19.8203 0.0000 0.0000 8.0469 4.6133 0.0000 0.0000 0.0000 0.0000 0.0000 0.0000 0.0000 0.0000 0.0000 0.0000 3.8711 6.8438 2.7734 3.7656 0.0000 0.0000 0.0000 0.0000 9.2734 0.0000 13.3398 3.3750 4.3594 5.7969 0.0000 0.0000 0.0000 0.0000
14.0938 5.7617 0.0000 0.0000 0.0000 0.0000 0.0000 0.0000 0.0000 0.0000 4.3398 -7.6172 0.0000 0.0000 4.6562 3.6758 0.0000 0.0000 4.7969 4.9492 8.7891 6.6289 0.0000 0.0000 0.0000 0.0000 7.2031 3.1797 5.1836 10.1367 0.0000 0.0000 0.0000 0.0000 0.0000 0.0000 9.3008 3.9180 10.9062 7.3672 0.0000 0.0000 0.0000 0.0000
10.5508 5.7070 0.0000 0.0000 0.0000 0.0000 0.0000 0.0000 0.0000 0.0000 9.6953 -7.0117 0.0000 0.0000 7.9141 11.5469 0.0000 0.0000 3.6289 2.3359 12.8398 6.5859 0.0000 0.0000 0.0000 0.0000 12.3633 10.2500 10.5508 4.7266 0.0000 0.0000 0.0000 0.0000 0.0000 0.0000 8.7812 6.3633 13.6172 8.6211 0.0000 0.0000 0.0000 0.0000
10.9883 0.0000 0.0000 0.0000 0.0000 0.0000 0.0000 0.0000 0.0000 0.0000 0.0000 -26.0703 0.0000 0.0000 0.0000 3.1445 0.0000 0.0000 0.0000 0.0000 0.0000 0.0000 0.0000 0.0000 5.9023 7.9297 0.0000 0.0000 0.0000 0.0000 0.0000 0.0000 0.0000 0.0000 0.0000 0.0000 -1.0586 0.0000 8.3398 9.4180 5.4727 -1.0586 0.0000 0.0000
8.8633 8.2852 0.0000 0.0000 0.0000 0.0000 0.0000 0.0000 0.0000 0.0000 10.3242 -11.7578 0.0000 0.0000 8.7812 7.5938 0.0000 0.0000 0.0000 0.0000 0.0000 0.0000 0.0000 0.0000 3.4688 1.9648 0.0000 0.0000 0.0000 0.0000 0.0000 0.0000 0.0000 0.0000 0.0000 0.0000 10.8359 3.9648 10.0938 4.8008 0.1836 7.3164 0.0000 0.0000
0.0000 0.0000 0.0000 0.0000 0.0000 0.0000 0.0000 0.0000 0.0000 0.0000 9.3594 -11.7266 0.0000 0.0000 -0.7773 14.2031 1.3594 10.9219 0.0000 0.0000 13.5820 3.1562 10.4258 0.0000 0.0000 0.0000 0.0000 0.0000 0.0000 0.0000 0.0000 0.0000 1.7344 5.4844 0.0000 0.0000 9.1133 1.9258 8.0312 7.8555 0.0000 0.0000 0.0000 0.0000
0.0000 0.0000 0.0000 0.0000 0.0000 0.0000 0.0000 0.0000 0.0000 0.0000 10.7578 -11.4492 0.0000 0.0000 8.5352 8.2578 5.9336 5.1719 0.0000 0.0000 4.3789 3.5547 7.7539 8.9062 0.0000 0.0000 0.0000 0.0000 0.0000 0.0000 0.0000 0.0000 3.0156 1.0859 0.0000 0.0000 11.7930 9.5781 17.9102 10.3203 0.0000 0.0000 0.0000 0.0000
7.4453 -0.6055 0.0000 0.0000 0.0000 0.0000 2.8438 0.0000 0.0000 0.0000 6.5703 -12.3047 0.0000 0.0000 5.9219 10.4375 0.0000 0.0000 0.0000 0.0000 8.3359 4.4922 0.0000 0.0000 0.0000 3.6992 7.0430 5.2930 0.0000 0.0000 5.2891 8.6641 0.0000 0.0000 0.0000 0.0000 0.0000 0.0000 11.5977 7.9531 0.0000 0.0000 0.0000 0.0000
8.8750 2.5000 0.0000 0.0000 0.0000 0.0000 9.1680 9.0586 0.0000 0.0000 4.5742 -9.0273 0.0000 0.0000 11.5195 2.4766 0.0000 0.0000 0.0000 0.0000 8.2461 4.8984 0.0000 0.0000 8.8203 8.9844 11.2070 10.4844 0.0000 0.0000 9.3945 12.0703 0.0000 0.0000 0.0000 0.0000 0.0000 0.0000 13.1328 6.9297 0.0000 0.0000 0.0000 0.0000
0.0000 0.0000 0.0000 0.0000 0.0000 0.0000 -21.2266 -23.6094 -19.2031 -21.4492 -24.0898 -56.8555 0.0000 0.0000 -22.4883 -28.9570 0.0000 0.0000 0.0000 0.0000 0.0000 0.0000 0.0000 0.0000 0.0000 0.0000 0.0000 0.0000 -17.4883 -27.7500 -21.7422 -26.0273 0.0000 0.0000 -16.9219 -16.8359 0.0000 0.0000 -34.3867 -23.4023 0.0000 0.0000 0.0000 0.0000
0.0000 0.0000 0.0000 0.0000 0.0000 0.0000 0.0000 0.0000 0.0000 0.0000 0.0000 0.0000 0.0000 0.0000 0.0000 0.0000 0.0000 0.0000 0.0000 0.0000 0.0000 0.0000 0.0000 0.0000 0.0000 0.0000 0.0000 0.0000 0.0000 0.0000 0.0000 0.0000 0.0000 0.0000 0.0000 0.0000 0.0000 0.0000 0.0000 0.0000 0.0000 0.0000 0.0000 0.0000
