13.1875 4.5117 0.0000 0.0000 0.0000 0.0000 -2.0039 0.9688 1.7852 -2.9180 -1.2461 -6.6445 0.0000 0.0000 2.0117 0.0195 0.0000 0.0000 0.0000 0.0000 0.0000 0.0000 0.0000 0.0000 0.0000 0.0000 -3.2383 -0.6758 -1.5391 0.6172 0.2422 -0.7500 0.0000 0.0000 3.1836 -0.5156 0.0000 0.0000 5.4609 2.0703 0.0000 0.0000 10.9023 0.0000
6.9883 0.8438 0.0000 0.0000 0.0000 0.0000 2.6406 3.3047 3.1484 0.0000 2.5469 -4.4648 0.0000 0.0000 6.5586 1.6367 0.0000 0.0000 0.0000 0.0000 0.0000 0.0000 0.0000 0.0000 0.0000 0.0000 8.2422 5.5312 4.4258 4.1367 2.5000 4.4180 0.0000 0.0000 3.0469 3.6602 0.0000 0.0000 5.6602 4.2812 0.0000 0.0000 3.2422 0.0000
1.8008 3.1836 0.0000 0.0000 -0.0469 4.4453 0.0000 0.0000 0.0000 0.0000 6.1406 -1.2930 0.0000 0.0000 5.3398 0.0000 0.0000 0.0000 0.0000 0.0000 0.0000 0.0000 0.0000 0.0000 0.0000 0.0000 3.4453 5.3750 3.4922 5.4180 0.0000 0.0000 0.0000 0.0000 0.8789 3.6055 5.2422 -0.0703 4.9688 6.0859 6.1836 4.0898 0.0000 0.0000
7.9141 2.5156 0.0000 0.0000 0.9961 -0.3164 0.0000 0.0000 0.0000 0.0000 4.1562 -5.2891 0.0000 0.0000 2.9297 3.0664 0.0000 0.0000 0.0000 0.0000 0.0000 0.0000 0.0000 0.0000 0.0000 0.0000 3.8047 2.9180 2.9688 -0.6914 0.0000 0.0000 0.0000 0.0000 0.5391 4.2656 3.6250 -1.0547 6.1328 4.4727 3.3945 -1.6367 0.0000 0.0000
1.7266 1.5391 0.0000 0.0000 0.0000 0.0000 0.0000 0.0000 0.0000 0.0000 2.9844 4.3516 0.0000 0.0000 0.0000 0.0000 0.0000 0.0000 0.0000 1.0430 0.0000 0.0000 0.0000 0.0000 0.9023 4.9180 8.1992 6.3320 0.0000 0.0000 0.0000 0.0000 0.0000 0.0000 2.7930 3.2695 0.0000 0.0000 3.8203 5.2188 0.0000 0.0000 0.0000 0.0000
9.1172 4.2109 0.0000 0.0000 0.0000 0.0000 0.0000 0.0000 0.0000 0.0000 1.5898 -6.0898 0.0000 0.0000 0.0000 0.0000 0.0000 0.0000 4.3672 1.4180 0.0000 0.0000 0.0000 0.0000 0.9375 8.1914 5.6914 1.2461 0.0000 0.0000 0.0000 0.0000 0.0000 0.0000 -0.3008 6.4297 0.0000 0.0000 5.8516 6.2227 0.0000 0.0000 0.0000 0.0000
6.4297 0.7109 0.0000 0.0000 1.0391 1.8711 0.0000 0.0000 0.0000 0.0000 3.5469 -7.5898 0.0000 0.0000 1.3516 1.4805 0.0000 0.0000 -1.3984 0.1367 0.0000 0.0000 0.0000 0.0000 0.0000 0.0000 6.4805 2.7461 1.9961 -0.0508 -1.2109 -2.0898 0.0000 0.0000 0.0000 0.0000 3.0000 1.3906 6.8242 3.4102 0.0000 -0.2344 0.0000 0.0000
3.5234 3.9609 0.0000 0.0000 1.2031 7.2266 0.0000 0.0000 0.0000 0.0000 6.7695 -2.7891 0.0000 0.0000 5.1914 0.8164 0.0000 0.0000 1.9844 2.4492 0.0000 0.0000 0.0000 0.0000 0.0000 0.0000 6.0469 5.0547 4.9805 5.2617 8.3203 5.7891 0.0000 0.0000 0.0000 0.0000 5.6562 0.0000 2.4414 3.1445 4.1016 3.6992 0.0000 0.0000
5.5430 4.6680 0.0000 0.0000 0.7852 4.3555 0.0000 0.0000 0.0000 0.0000 2.8555 2.7773 0.0000 0.0000 1.4102 0.1953 0.1055 -0.8164 0.0000 0.0000 0.0000 0.0000 0.0000 0.0000 0.0000 0.0000 0.0000 0.0000 2.1367 1.1055 0.0000 0.0000 5.9336 2.4609 -3.0898 5.8867 1.6836 -3.9336 4.1836 4.4336 0.0000 0.0000 0.0000 0.0000
4.5859 3.0039 0.0000 0.0000 -1.4961 5.4492 0.0000 0.0000 0.0000 0.0000 6.6875 -13.4883 0.0000 0.0000 5.0000 2.9961 -0.0703 1.0781 0.0000 0.0000 0.0000 0.0000 0.0000 0.0000 0.0000 0.0000 0.0000 0.0000 -1.2969 4.5273 0.0000 0.0000 0.8438 0.6367 3.3555 -5.7305 2.3047 1.5273 4.0547 0.5195 0.0000 0.0000 0.0000 0.0000
-3.1992 0.3672 0.0000 0.0000 1.5117 1.0859 8.1367 2.8398 0.0000 0.0000 5.4883 0.0078 0.0000 0.0000 3.2617 3.2109 0.0000 0.0000 0.0000 0.0000 0.0000 0.0000 0.0000 0.0000 0.0000 0.0000 9.3750 4.8984 2.0117 2.2891 4.8750 0.4609 4.0312 0.6523 5.3555 9.6523 1.5195 3.3164 3.3008 0.6641 5.7930 3.5273 0.0000 0.0000
3.7852 3.6836 0.0000 0.0000 1.6602 2.4453 3.6719 3.5156 0.0000 0.0000 1.8789 -4.7500 0.0000 0.0000 6.1836 0.0000 0.0000 0.0000 0.0000 0.0000 0.0000 0.0000 0.0000 0.0000 0.0000 0.0000 7.8242 5.1094 3.3398 4.4805 5.0859 4.8984 2.8125 3.3945 5.1367 2.9336 6.3945 4.0625 3.8281 3.3594 3.4102 5.2656 0.0000 0.0000
4.1094 0.3281 0.0000 0.0000 2.1641 2.7656 0.0000 0.0000 4.5977 6.0820 5.0742 0.0000 0.0000 0.0000 5.8242 1.9570 0.0000 0.0000 4.2539 0.2266 1.8320 0.3945 0.0000 0.0000 0.0000 0.0000 5.6875 1.2227 4.1406 4.7383 4.3867 2.8672 0.0000 0.0000 -1.1758 7.6719 0.0000 0.0000 3.2461 4.6484 0.0000 0.0000 0.0000 0.0000
3.5938 2.3906 0.0000 0.0000 0.0000 2.4219 0.0000 0.0000 5.6445 0.3711 3.0547 -4.0039 0.0000 0.0000 5.9297 0.3438 0.0000 0.0000 1.6992 3.2578 4.7852 -0.0469 0.0000 0.0000 0.0000 0.0000 8.7344 4.2891 4.1562 5.3047 5.9492 2.4805 0.0000 0.0000 5.0391 3.4375 0.0000 0.0000 4.7578 1.6875 0.0000 0.0000 0.0000 0.0000
3.9336 4.4336 0.0000 0.0000 1.0820 7.6836 0.0000 0.0000 0.0000 0.0000 0.0000 0.0000 0.0000 0.0000 3.1211 0.0195 0.0000 0.0000 0.0000 0.0000 0.0000 0.0000 0.0000 0.0000 0.0000 0.0000 3.3555 -0.4453 0.8828 5.4414 3.5508 -0.2031 0.0000 0.0000 1.3438 0.5781 0.0000 0.0000 6.3008 0.0586 -0.0039 4.6406 0.0000 0.0000
6.2188 4.3672 0.0000 0.0000 3.8633 1.7812 0.0000 0.0000 0.0000 0.0000 0.0000 0.0000 0.0000 0.0000 2.9180 1.6367 0.0000 0.0000 0.0000 0.0000 0.0000 0.0000 0.0000 0.0000 0.0000 0.0000 2.7539 0.1641 0.0820 3.2188 -2.0898 1.7773 0.0000 0.0000 0.7344 1.3359 0.0000 0.0000 5.0977 2.4102 -0.1133 2.3164 0.0000 0.0000
3.2773 1.1914 4.1641 2.9570 -0.0195 3.3945 0.0000 0.0000 0.0000 0.0000 1.3828 0.7344 0.0000 0.0000 6.0430 1.6133 0.0000 0.0000 0.0000 0.0000 4.5898 2.0977 0.0000 0.0000 1.4219 6.2812 8.1797 6.1484 0.0000 0.0000 7.1758 4.8555 0.0000 0.0000 4.0000 4.7578 0.0000 0.0000 2.6719 4.2656 0.0000 0.0000 0.0000 0.0000
2.7305 2.4102 -0.3438 -2.2227 0.4922 3.1875 0.0000 0.0000 0.0000 0.0000 3.9102 -6.1055 0.0000 0.0000 4.3008 4.7070 0.0000 0.0000 0.0000 0.0000 1.1602 -1.3516 0.0000 0.0000 1.9688 0.5977 2.8555 1.3203 0.0000 0.0000 -1.7930 1.2656 0.0000 0.0000 -1.1445 0.4336 0.0000 0.0000 1.9844 4.3086 0.0000 0.0000 0.0000 0.0000
2.6680 1.2305 0.0000 0.0000 1.7422 4.3750 1.1328 1.1094 0.1289 2.6055 1.8281 -0.2109 0.0000 0.0000 4.9297 6.0977 0.0000 0.0000 0.0000 0.0000 0.0000 0.0000 0.0000 0.0000 0.0000 0.0000 3.5586 5.7969 0.0000 0.0000 4.9883 5.5273 3.9492 2.3203 0.0000 0.0000 5.5898 4.0469 4.4570 3.6172 0.0000 0.0000 0.0000 0.0000
0.9883 4.0000 0.0000 0.0000 0.5586 -0.0273 2.9688 4.4414 4.6250 -1.1367 2.7539 -0.1602 0.0000 0.0000 2.0625 -0.6875 0.0000 0.0000 0.0000 0.0000 0.0000 0.0000 0.0000 0.0000 0.0000 0.0000 5.1172 3.6250 0.0000 0.0000 4.6602 0.2461 4.5703 2.8242 0.0000 0.0000 -0.0234 1.5664 -0.9062 -0.1797 0.0000 0.0000 0.0000 0.0000
8.2930 2.2852 0.0000 0.0000 0.6836 2.1250 0.0000 0.0000 0.0000 0.0000 -0.1523 -9.2031 0.0000 0.0000 0.6758 -0.0547 0.7656 -1.2891 0.0000 0.0000 0.0000 0.0000 0.0000 0.0000 0.0000 0.0000 0.0000 0.0000 0.0000 0.0000 0.0000 0.0000 0.0000 0.0000 0.0000 0.0000 -0.1445 -0.4961 3.7773 1.7227 0.0000 0.0000 0.0000 0.0000
5.9688 0.0000 0.0000 0.0000 0.0000 2.9336 0.0000 0.0000 0.0000 0.0000 2.6758 -7.6953 0.0000 0.0000 2.8398 -0.6172 0.0000 2.3711 0.0000 0.0000 0.0000 0.0000 0.0000 0.0000 0.0000 0.0000 0.0000 0.0000 0.0000 0.0000 0.0000 0.0000 0.0000 0.0000 0.0000 0.0000 0.0508 -2.0078 3.0156 1.6289 0.0000 0.0000 0.0000 0.0000
5.6797 3.9609 0.0000 0.0000 3.3438 2.2930 0.0000 0.0000 1.2344 1.6680 2.9297 -5.4023 0.0000 0.0000 1.0820 1.4375 0.0000 0.0000 0.0000 0.0000 0.0000 0.0000 0.0000 0.0000 0.0000 0.0000 0.6484 -0.0430 1.4727 5.1367 2.7109 -0.3320 0.0000 0.0000 0.5664 3.8672 2.8398 -1.5938 3.8633 1.2773 0.0000 0.0000 0.0000 0.0000
8.7812 2.5508 0.0000 0.0000 1.1719 1.4297 0.0000 0.0000 5.7227 -0.6875 4.3320 -9.3242 0.0000 0.0000 4.7734 1.9219 0.0000 0.0000 0.0000 0.0000 0.0000 0.0000 0.0000 0.0000 0.0000 0.0000 4.5508 2.4336 2.7031 3.3945 1.2578 1.1797 0.0000 0.0000 3.1680 3.2891 2.5664 1.4648 6.9414 4.1875 0.0000 0.0000 0.0000 0.0000
1.8047 0.0000 0.0000 0.0000 0.0000 0.9102 0.0000 0.0000 0.0000 0.0000 3.9258 -7.9414 0.0000 0.0000 5.5586 3.9141 0.0000 2.9102 0.0000 0.0000 0.0000 0.0000 0.0000 0.0000 0.0000 0.0000 0.0000 0.0000 1.6328 -0.4570 0.0000 0.0000 0.0000 0.0000 0.0000 0.0000 6.1523 3.6133 7.6484 3.5703 0.0000 0.0000 0.0000 0.0000
4.0234 1.8359 0.0000 0.0000 -0.5859 2.5820 0.0000 0.0000 0.0000 0.0000 2.8320 -4.2656 0.0000 0.0000 4.3906 2.8047 -0.4023 3.0977 0.0000 0.0000 0.0000 0.0000 0.0000 0.0000 0.0000 0.0000 0.0000 0.0000 2.5859 4.4766 0.0000 0.0000 0.0000 0.0000 0.0000 0.0000 2.1016 1.8906 0.8711 0.5234 0.0000 0.0000 0.0000 0.0000
2.5859 0.5156 0.0000 0.0000 0.0000 0.0000 -0.8945 -0.6250 0.0000 0.0000 6.8008 -5.9609 0.0000 0.0000 0.0000 0.0000 0.0000 0.0000 -2.1172 2.1680 0.0000 0.0000 0.0000 0.0000 0.0000 0.0000 4.7344 1.8281 2.3750 3.6367 3.6914 -3.0195 2.0938 -0.8945 0.0000 0.0000 0.0000 0.0000 -2.5977 -1.1562 0.0000 0.0000 0.0000 0.0000
6.1875 3.1680 0.0000 0.0000 0.0000 0.0000 5.5586 5.0430 0.0000 0.0000 3.2852 -1.8594 0.0000 0.0000 0.0000 0.0000 0.0000 0.0000 5.4922 -1.4844 0.0000 0.0000 0.0000 0.0000 0.0000 0.0000 1.8320 1.5703 4.1484 5.7305 5.6992 3.6523 2.2852 2.8281 0.0000 0.0000 0.0000 0.0000 2.2695 2.7031 0.0000 0.0000 0.0000 0.0000
5.8828 2.6406 0.0000 0.0000 -0.2500 0.3594 0.0000 0.0000 0.0000 0.0000 3.1406 -15.4258 0.0000 0.0000 4.8750 2.3086 0.0000 0.0000 0.0000 0.0000 1.2734 2.3789 0.0000 0.0000 0.0000 0.0000 1.2344 4.4727 0.9336 2.2891 -1.0781 0.2656 5.6641 -0.1758 0.0000 0.0000 6.7656 -1.6875 4.6836 4.1523 0.0000 0.0000 0.0000 0.0000
4.1758 2.8828 0.0000 0.0000 0.9570 0.8828 0.0000 0.0000 0.0000 0.0000 0.6328 -0.1680 0.0000 0.0000 5.1289 -0.3984 0.0000 0.0000 0.0000 0.0000 4.0352 0.4688 0.0000 0.0000 0.0000 0.0000 6.3320 3.9336 3.3008 7.2539 7.5195 2.3594 3.2227 5.1133 0.0000 0.0000 3.7969 3.4414 1.9531 2.6836 0.0000 0.0000 0.0000 0.0000
6.1250 1.7422 0.0000 0.0000 0.0000 0.0000 0.0000 0.0000 0.0000 0.0000 2.6484 -6.1562 0.0000 0.0000 5.9766 0.2773 0.0000 0.0000 3.7969 -1.1406 0.0000 0.0000 0.0000 0.0000 -0.4648 3.2969 5.1914 4.6523 0.0000 0.0000 4.5859 4.8906 3.8906 4.1289 2.3203 3.0586 2.7852 2.0586 3.8633 5.0898 0.0000 0.0000 0.0000 0.0000
0.2930 1.9961 0.0000 0.0000 0.0000 0.0000 0.0000 0.0000 0.0000 0.0000 5.5898 0.7500 0.0000 0.0000 5.8672 1.1328 0.0000 0.0000 3.9023 3.3594 0.0000 0.0000 0.0000 0.0000 1.1758 1.5000 2.4727 1.2852 0.0000 0.0000 8.0312 1.8203 3.7773 2.3516 3.1445 0.5938 1.7852 3.8516 0.1172 1.8477 0.0000 0.0000 0.0000 0.0000
10.1367 2.7266 0.0000 0.0000 1.4883 6.0039 0.0000 0.0000 0.0000 0.0000 0.5391 -5.4961 0.0000 0.0000 3.0117 1.1406 0.0000 0.0000 0.0000 0.0000 0.0000 0.0000 0.0000 0.0000 0.0000 0.0000 7.5352 4.5938 1.8789 0.0000 0.0000 0.0000 0.0000 0.0000 2.7969 3.7422 3.2773 0.2500 5.8945 5.4219 0.0000 0.0000 0.0000 0.0000
4.6562 1.2422 0.0000 0.0000 0.0000 2.9961 0.0000 0.0000 0.0000 0.0000 0.0000 -9.7617 0.0000 0.0000 1.0859 0.1172 0.0000 0.0000 0.0000 0.0000 0.0000 0.0000 0.0000 0.0000 0.0000 0.0000 2.1836 3.4336 2.0156 1.4414 0.0000 0.0000 0.0000 0.0000 4.2930 0.0000 4.9648 2.1758 2.1250 1.1719 0.0000 0.0000 0.0000 0.0000
5.6758 0.7070 0.0000 0.0000 0.0000 0.0000 0.0000 0.0000 0.0000 0.0000 -0.2695 -3.2656 0.0000 0.0000 1.4531 1.7656 0.0000 0.0000 -0.5547 1.5352 2.5430 0.1758 0.0000 0.0000 0.0000 0.0000 2.7266 0.7188 1.3789 0.2188 0.0000 0.0000 0.0000 0.0000 0.0000 0.0000 4.1406 1.8594 4.5977 1.8789 0.0000 0.0000 0.0000 0.0000
1.8828 -1.7344 0.0000 0.0000 0.0000 0.0000 0.0000 0.0000 0.0000 0.0000 1.7305 -1.1484 0.0000 0.0000 2.8945 0.8750 0.0000 0.0000 0.3555 -0.6758 3.8672 1.3359 0.0000 0.0000 0.0000 0.0000 4.8516 5.0664 3.9922 -0.0820 0.0000 0.0000 0.0000 0.0000 0.0000 0.0000 0.0391 0.9375 3.1250 3.6250 0.0000 0.0000 0.0000 0.0000
6.5938 0.0000 0.0000 0.0000 0.0000 0.0000 0.0000 0.0000 0.0000 0.0000 0.0000 -16.8711 0.0000 0.0000 0.0000 -0.6953 0.0000 0.0000 0.0000 0.0000 0.0000 0.0000 0.0000 0.0000 2.0547 5.7539 0.0000 0.0000 0.0000 0.0000 0.0000 0.0000 0.0000 0.0000 0.0000 0.0000 -4.3906 0.0000 2.8945 2.8711 2.3594 0.7344 0.0000 0.0000
4.2266 3.6289 0.0000 0.0000 0.0000 0.0000 0.0000 0.0000 0.0000 0.0000 6.3828 -8.8711 0.0000 0.0000 4.6094 4.4922 0.0000 0.0000 0.0000 0.0000 0.0000 0.0000 0.0000 0.0000 -0.8281 -0.4961 0.0000 0.0000 0.0000 0.0000 0.0000 0.0000 0.0000 0.0000 0.0000 0.0000 3.7969 1.5508 5.1562 1.4062 -0.8125 4.2578 0.0000 0.0000
0.0000 0.0000 0.0000 0.0000 0.0000 0.0000 0.0000 0.0000 0.0000 0.0000 4.3750 -6.0234 0.0000 0.0000 -1.1758 2.2461 1.5898 2.5391 0.0000 0.0000 2.5703 -0.0586 2.3711 0.0000 0.0000 0.0000 0.0000 0.0000 0.0000 0.0000 0.0000 0.0000 1.0664 0.9141 0.0000 0.0000 2.5898 2.2109 3.0039 1.7969 0.0000 0.0000 0.0000 0.0000
0.0000 0.0000 0.0000 0.0000 0.0000 0.0000 0.0000 0.0000 0.0000 0.0000 6.1719 -5.9023 0.0000 0.0000 4.1680 3.5508 -0.6719 3.4180 0.0000 0.0000 2.1016 1.1211 4.0977 3.9180 0.0000 0.0000 0.0000 0.0000 0.0000 0.0000 0.0000 0.0000 -0.5234 -0.9688 0.0000 0.0000 4.4883 2.1250 6.7695 4.9180 0.0000 0.0000 0.0000 0.0000
1.8242 -0.9375 0.0000 0.0000 0.0000 0.0000 1.2656 0.0000 0.0000 0.0000 0.7188 -7.9922 0.0000 0.0000 2.6562 3.7812 0.0000 0.0000 0.0000 0.0000 4.5156 0.4258 0.0000 0.0000 0.0000 -0.5547 -1.0469 4.0039 0.0000 0.0000 2.0117 3.9531 0.0000 0.0000 0.0000 0.0000 0.0000 0.0000 5.2305 5.9141 0.0000 0.0000 0.0000 0.0000
1.5156 1.7734 0.0000 0.0000 0.0000 0.0000 2.2305 3.5391 0.0000 0.0000 -0.3945 -1.5312 0.0000 0.0000 5.5234 0.0312 0.0000 0.0000 0.0000 0.0000 4.8086 -0.2031 0.0000 0.0000 1.3789 1.0938 2.0547 4.8945 0.0000 0.0000 5.0898 4.0859 0.0000 0.0000 0.0000 0.0000 0.0000 0.0000 3.9336 0.5625 0.0000 0.0000 0.0000 0.0000
0.0000 0.0000 0.0000 0.0000 0.0000 0.0000 -1.0000 -3.3828 -2.7070 -0.4648 -3.5156 -14.7852 0.0000 0.0000 -3.5586 -4.5430 0.0000 0.0000 0.0000 0.0000 0.0000 0.0000 0.0000 0.0000 0.0000 0.0000 0.0000 0.0000 -2.7695 -4.9297 -3.4141 -3.2539 0.0000 0.0000 -3.5117 1.1250 0.0000 0.0000 -7.0586 -4.2109 0.0000 0.0000 0.0000 0.0000
0.0000 0.0000 0.0000 0.0000 0.0000 0.0000 0.0000 0.0000 0.0000 0.0000 0.0000 0.0000 0.0000 0.0000 0.0000 0.0000 0.0000 0.0000 0.0000 0.0000 0.0000 0.0000 0.0000 0.0000 0.0000 0.0000 0.0000 0.0000 0.0000 0.0000 0.0000 0.0000 0.0000 0.0000 0.0000 0.0000 0.0000 0.0000 0.0000 0.0000 0.0000 0.0000 0.0000 0.0000
