4.1641 -0.5820 0.0000 0.0000 0.0000 0.0000 -2.6016 -1.7070 -0.2422 -1.5586 1.3516 1.0469 0.0000 0.0000 1.6953 0.8711 0.0000 0.0000 0.0000 0.0000 0.0000 0.0000 0.0000 0.0000 0.0000 0.0000 0.6250 0.3633 -1.0703 -2.8086 0.3242 -0.8008 0.0000 0.0000 0.0352 -1.6719 0.0000 0.0000 -2.5156 -0.7344 0.0000 0.0000 3.5586 0.0000
1.5625 0.4258 0.0000 0.0000 0.0000 0.0000 1.1094 0.9570 0.1328 0.0000 1.6289 -2.1289 0.0000 0.0000 2.2109 1.9805 0.0000 0.0000 0.0000 0.0000 0.0000 0.0000 0.0000 0.0000 0.0000 0.0000 1.4453 0.2422 2.1719 0.8047 1.1602 3.0586 0.0000 0.0000 0.3164 1.5117 0.0000 0.0000 0.8438 0.2617 0.0000 0.0000 1.3555 0.0000
1.5273 1.1211 0.0000 0.0000 2.3633 1.5000 0.0000 0.0000 0.0000 0.0000 2.3555 -1.2578 0.0000 0.0000 3.8477 0.0000 0.0000 0.0000 0.0000 0.0000 0.0000 0.0000 0.0000 0.0000 0.0000 0.0000 2.7773 1.0273 3.2031 2.9375 0.0000 0.0000 0.0000 0.0000 1.2031 2.7109 1.8945 2.7188 1.5469 0.4141 2.9297 2.7305 0.0000 0.0000
0.3672 0.8477 0.0000 0.0000 0.7734 1.0156 0.0000 0.0000 0.0000 0.0000 2.8359 -1.1797 0.0000 0.0000 0.4766 1.6016 0.0000 0.0000 0.0000 0.0000 0.0000 0.0000 0.0000 0.0000 0.0000 0.0000 0.1641 -0.2578 2.3633 -0.4180 0.0000 0.0000 0.0000 0.0000 0.1094 1.5000 0.0898 2.3906 0.3008 0.3555 3.1523 0.3242 0.0000 0.0000
1.5547 -0.8047 0.0000 0.0000 0.0000 0.0000 0.0000 0.0000 0.0000 0.0000 2.6289 -1.6328 0.0000 0.0000 0.0000 0.0000 0.0000 0.0000 0.0000 -0.5039 0.0000 0.0000 0.0000 0.0000 2.0234 1.5352 0.8555 -0.0664 0.0000 0.0000 0.0000 0.0000 0.0000 0.0000 2.6992 0.6484 0.0000 0.0000 1.6172 0.4766 0.0000 0.0000 0.0000 0.0000
1.3828 1.7070 0.0000 0.0000 0.0000 0.0000 0.0000 0.0000 0.0000 0.0000 -1.0469 -1.2188 0.0000 0.0000 0.0000 0.0000 0.0000 0.0000 2.3516 0.3945 0.0000 0.0000 0.0000 0.0000 1.6172 1.5156 1.2227 0.3594 0.0000 0.0000 0.0000 0.0000 0.0000 0.0000 0.4062 1.4688 0.0000 0.0000 1.2266 0.8320 0.0000 0.0000 0.0000 0.0000
0.3555 0.9453 0.0000 0.0000 3.2539 -1.6172 0.0000 0.0000 0.0000 0.0000 2.4180 -0.8828 0.0000 0.0000 0.6758 1.2930 0.0000 0.0000 0.4531 0.8242 0.0000 0.0000 0.0000 0.0000 0.0000 0.0000 0.2656 2.0430 2.2891 1.5352 1.3867 1.2500 0.0000 0.0000 0.0000 0.0000 2.4531 2.1680 1.7227 -0.4766 0.0000 1.3477 0.0000 0.0000
1.7148 -0.4961 0.0000 0.0000 0.9102 1.5078 0.0000 0.0000 0.0000 0.0000 1.7812 -0.8359 0.0000 0.0000 4.8125 0.5000 0.0000 0.0000 2.5273 1.9570 0.0000 0.0000 0.0000 0.0000 0.0000 0.0000 -0.6211 0.9727 0.5195 2.6484 3.8867 3.8945 0.0000 0.0000 0.0000 0.0000 -2.6758 0.0000 -0.4883 -0.5547 0.5508 2.2617 0.0000 0.0000
1.6055 1.1836 0.0000 0.0000 2.0234 0.9531 0.0000 0.0000 0.0000 0.0000 2.7734 -1.6875 0.0000 0.0000 2.1875 1.5195 2.4375 0.0938 0.0000 0.0000 0.0000 0.0000 0.0000 0.0000 0.0000 0.0000 0.0000 0.0000 2.4609 0.4219 0.0000 0.0000 1.5625 -0.9492 -0.2773 1.4453 1.5469 2.4453 0.7031 -1.7812 0.0000 0.0000 0.0000 0.0000
1.4102 0.7578 0.0000 0.0000 1.8008 -0.4258 0.0000 0.0000 0.0000 0.0000 2.3828 -0.1328 0.0000 0.0000 1.6562 0.8672 2.6758 1.8789 0.0000 0.0000 0.0000 0.0000 0.0000 0.0000 0.0000 0.0000 0.0000 0.0000 2.3750 2.7539 0.0000 0.0000 2.1758 2.2734 1.5977 0.4883 1.3750 1.5938 0.5820 0.2344 0.0000 0.0000 0.0000 0.0000
0.0508 0.4688 0.0000 0.0000 4.2422 -0.1914 0.8672 1.3320 0.0000 0.0000 4.4766 -2.6992 0.0000 0.0000 2.6758 2.1484 0.0000 0.0000 0.0000 0.0000 0.0000 0.0000 0.0000 0.0000 0.0000 0.0000 3.7852 1.7305 3.1172 4.7617 4.7656 3.3008 4.8203 2.7812 1.9492 2.8711 3.1484 3.4727 0.5117 -1.1094 2.8203 3.2109 0.0000 0.0000
-0.1328 0.8242 0.0000 0.0000 1.8633 -0.1016 0.1445 0.6797 0.0000 0.0000 1.2656 -0.7656 0.0000 0.0000 1.6641 0.0000 0.0000 0.0000 0.0000 0.0000 0.0000 0.0000 0.0000 0.0000 0.0000 0.0000 1.4492 1.8008 2.9609 0.9531 1.5273 3.1406 0.2539 1.4336 0.1133 2.2188 3.1016 2.5820 2.7656 0.0352 0.7148 0.2656 0.0000 0.0000
0.9336 0.9727 0.0000 0.0000 0.4258 0.3164 0.0000 0.0000 1.7422 2.6484 3.3711 0.0000 0.0000 0.0000 3.6328 1.8750 0.0000 0.0000 2.4258 -0.2617 3.1719 3.1250 0.0000 0.0000 0.0000 0.0000 0.9883 1.3750 2.5078 3.0508 3.2227 3.5195 0.0000 0.0000 2.0781 1.7188 0.0000 0.0000 -0.3203 -0.1016 0.0000 0.0000 0.0000 0.0000
1.2070 0.6367 0.0000 0.0000 0.0000 0.6523 0.0000 0.0000 0.6836 -0.1875 0.5273 -1.2461 0.0000 0.0000 1.9219 0.7891 0.0000 0.0000 3.2266 -0.7852 1.6797 1.2383 0.0000 0.0000 0.0000 0.0000 0.0664 1.2070 2.0391 2.1641 1.1328 3.5391 0.0000 0.0000 1.5078 -0.7695 0.0000 0.0000 0.5195 0.0625 0.0000 0.0000 0.0000 0.0000
2.7656 0.9102 0.0000 0.0000 2.1484 1.1523 0.0000 0.0000 0.0000 0.0000 0.0000 0.0000 0.0000 0.0000 2.0000 1.0391 0.0000 0.0000 0.0000 0.0000 0.0000 0.0000 0.0000 0.0000 0.0000 0.0000 1.0859 4.0430 1.1602 3.5391 2.4688 2.1406 0.0000 0.0000 2.1758 0.4805 0.0000 0.0000 1.3516 -2.0391 1.3516 1.6406 0.0000 0.0000
1.3945 1.4492 0.0000 0.0000 3.7812 -0.9219 0.0000 0.0000 0.0000 0.0000 0.0000 0.0000 0.0000 0.0000 3.3359 0.9688 0.0000 0.0000 0.0000 0.0000 0.0000 0.0000 0.0000 0.0000 0.0000 0.0000 3.0898 3.7734 3.3281 5.3750 3.6875 4.4922 0.0000 0.0000 1.5898 -0.0234 0.0000 0.0000 2.9883 2.1367 2.1289 4.2461 0.0000 0.0000
1.8398 -0.3242 2.1875 1.7266 0.5352 1.6758 0.0000 0.0000 0.0000 0.0000 2.7422 -2.1211 0.0000 0.0000 0.9375 2.5625 0.0000 0.0000 0.0000 0.0000 0.6992 2.4453 0.0000 0.0000 2.7969 1.2109 0.9688 0.5430 0.0000 0.0000 1.5117 3.2305 0.0000 0.0000 2.2422 0.1992 0.0000 0.0000 1.1055 0.1875 0.0000 0.0000 0.0000 0.0000
0.8711 1.9609 5.1953 3.8047 0.9766 2.5234 0.0000 0.0000 0.0000 0.0000 1.7734 -1.0859 0.0000 0.0000 0.3125 1.7031 0.0000 0.0000 0.0000 0.0000 1.3516 2.0508 0.0000 0.0000 2.0859 -0.3359 2.7734 0.6523 0.0000 0.0000 2.1680 3.0859 0.0000 0.0000 -0.2500 2.3008 0.0000 0.0000 -0.3594 -0.5430 0.0000 0.0000 0.0000 0.0000
0.7344 1.3086 0.0000 0.0000 4.4453 0.3867 1.2891 -0.2500 2.3477 1.6445 0.6328 -1.9180 0.0000 0.0000 2.0508 2.2305 0.0000 0.0000 0.0000 0.0000 0.0000 0.0000 0.0000 0.0000 0.0000 0.0000 1.5938 1.3633 0.0000 0.0000 0.7969 4.4062 1.2812 1.3906 0.0000 0.0000 0.7461 4.3438 2.1562 -0.5664 0.0000 0.0000 0.0000 0.0000
1.5781 -0.3398 0.0000 0.0000 1.2812 1.7109 0.9414 2.5703 1.1797 0.8281 2.1680 -1.2266 0.0000 0.0000 1.0625 1.8633 0.0000 0.0000 0.0000 0.0000 0.0000 0.0000 0.0000 0.0000 0.0000 0.0000 1.7188 0.0742 0.0000 0.0000 1.9688 3.3594 3.2656 1.5859 0.0000 0.0000 1.3398 1.3828 0.1602 0.9336 0.0000 0.0000 0.0000 0.0000
2.3008 2.6719 0.0000 0.0000 1.9062 -0.7734 0.0000 0.0000 0.0000 0.0000 2.5977 -3.9609 0.0000 0.0000 3.8555 1.8477 1.5938 1.2461 0.0000 0.0000 0.0000 0.0000 0.0000 0.0000 0.0000 0.0000 0.0000 0.0000 0.0000 0.0000 0.0000 0.0000 0.0000 0.0000 0.0000 0.0000 0.0508 4.8398 -0.5273 1.9609 0.0000 0.0000 0.0000 0.0000
1.4219 0.0000 0.0000 0.0000 0.0000 0.5977 0.0000 0.0000 0.0000 0.0000 2.8320 -1.9258 0.0000 0.0000 1.0273 3.6133 0.0000 3.0195 0.0000 0.0000 0.0000 0.0000 0.0000 0.0000 0.0000 0.0000 0.0000 0.0000 0.0000 0.0000 0.0000 0.0000 0.0000 0.0000 0.0000 0.0000 2.9727 1.9609 -0.7812 0.9492 0.0000 0.0000 0.0000 0.0000
1.5625 -0.1484 0.0000 0.0000 0.9258 0.0938 0.0000 0.0000 0.8086 -0.7109 0.5820 -0.9609 0.0000 0.0000 0.1680 1.0703 0.0000 0.0000 0.0000 0.0000 0.0000 0.0000 0.0000 0.0000 0.0000 0.0000 0.4844 1.5547 1.6875 1.4258 1.5508 1.7930 0.0000 0.0000 0.9805 0.2617 0.2148 0.6484 0.5078 1.9180 0.0000 0.0000 0.0000 0.0000
0.8633 -0.1602 0.0000 0.0000 0.5742 2.4688 0.0000 0.0000 1.3008 0.6914 3.3281 -1.6016 0.0000 0.0000 2.5664 2.2070 0.0000 0.0000 0.0000 0.0000 0.0000 0.0000 0.0000 0.0000 0.0000 0.0000 1.9688 2.2734 1.4219 2.1484 2.1016 2.3359 0.0000 0.0000 2.5508 0.9922 2.7617 1.7695 1.0195 0.2500 0.0000 0.0000 0.0000 0.0000
0.7305 0.0000 0.0000 0.0000 0.0000 1.9219 0.0000 0.0000 0.0000 0.0000 1.5820 -0.1797 0.0000 0.0000 -1.3281 2.2461 0.0000 0.8672 0.0000 0.0000 0.0000 0.0000 0.0000 0.0000 0.0000 0.0000 0.0000 0.0000 -0.6328 0.9062 0.0000 0.0000 0.0000 0.0000 0.0000 0.0000 2.9805 1.2188 -0.4141 0.7852 0.0000 0.0000 0.0000 0.0000
2.0859 1.9805 0.0000 0.0000 1.0273 1.3945 0.0000 0.0000 0.0000 0.0000 3.6172 -1.4531 0.0000 0.0000 2.5820 3.7969 1.8984 2.9141 0.0000 0.0000 0.0000 0.0000 0.0000 0.0000 0.0000 0.0000 0.0000 0.0000 2.4141 2.0586 0.0000 0.0000 0.0000 0.0000 0.0000 0.0000 2.6328 2.5312 -0.0781 0.5664 0.0000 0.0000 0.0000 0.0000
0.2461 0.6016 0.0000 0.0000 0.0000 0.0000 2.0547 0.9297 0.0000 0.0000 1.9375 -0.2578 0.0000 0.0000 0.0000 0.0000 0.0000 0.0000 4.0977 2.7344 0.0000 0.0000 0.0000 0.0000 0.0000 0.0000 1.4805 2.0898 2.9766 4.0938 4.2383 4.1953 4.5977 2.2070 0.0000 0.0000 0.0000 0.0000 0.3945 0.1875 0.0000 0.0000 0.0000 0.0000
1.8906 -0.0938 0.0000 0.0000 0.0000 0.0000 0.0469 1.9258 0.0000 0.0000 2.4102 -2.2969 0.0000 0.0000 0.0000 0.0000 0.0000 0.0000 1.6836 -1.1992 0.0000 0.0000 0.0000 0.0000 0.0000 0.0000 2.0898 1.6914 2.3945 1.4844 2.4688 4.2773 4.2344 2.1914 0.0000 0.0000 0.0000 0.0000 -0.5469 -0.4492 0.0000 0.0000 0.0000 0.0000
1.4414 1.1797 0.0000 0.0000 -0.7227 1.6250 0.0000 0.0000 0.0000 0.0000 2.2422 -1.0469 0.0000 0.0000 0.7344 1.1172 0.0000 0.0000 0.0000 0.0000 0.8438 0.4883 0.0000 0.0000 0.0000 0.0000 -1.5781 0.2617 2.8398 1.5234 1.1836 1.6758 3.5234 1.1289 0.0000 0.0000 1.7305 0.9688 0.3242 -0.0664 0.0000 0.0000 0.0000 0.0000
2.2461 -0.3984 0.0000 0.0000 1.0781 2.7891 0.0000 0.0000 0.0000 0.0000 2.2891 -2.9023 0.0000 0.0000 3.2070 2.8828 0.0000 0.0000 0.0000 0.0000 1.5039 2.1055 0.0000 0.0000 0.0000 0.0000 1.2773 0.1836 1.9102 1.7852 2.0742 2.5781 3.1953 1.7930 0.0000 0.0000 1.0234 3.1055 0.2695 0.4727 0.0000 0.0000 0.0000 0.0000
1.8906 2.8984 0.0000 0.0000 0.0000 0.0000 0.0000 0.0000 0.0000 0.0000 1.9492 -1.1953 0.0000 0.0000 1.1211 0.9258 0.0000 0.0000 2.0430 0.9453 0.0000 0.0000 0.0000 0.0000 5.5430 2.2891 4.1797 1.6094 0.0000 0.0000 2.2266 3.2461 4.0469 3.9180 1.0352 3.9141 4.1523 1.3711 3.5000 1.7227 0.0000 0.0000 0.0000 0.0000
1.9609 -3.1094 0.0000 0.0000 0.0000 0.0000 0.0000 0.0000 0.0000 0.0000 2.3867 -3.2812 0.0000 0.0000 2.4102 1.9414 0.0000 0.0000 0.2500 1.0352 0.0000 0.0000 0.0000 0.0000 2.6914 2.7773 0.9141 0.5195 0.0000 0.0000 1.2305 1.6914 1.8555 0.1719 2.8828 1.4219 1.9648 4.0391 1.1094 0.4102 0.0000 0.0000 0.0000 0.0000
1.3555 0.4102 0.0000 0.0000 1.2461 2.9766 0.0000 0.0000 0.0000 0.0000 2.2695 -1.0195 0.0000 0.0000 0.9180 1.5781 0.0000 0.0000 0.0000 0.0000 0.0000 0.0000 0.0000 0.0000 0.0000 0.0000 2.1719 1.9414 0.2930 0.0000 0.0000 0.0000 0.0000 0.0000 2.9453 0.8281 1.8633 1.4414 2.0391 0.2695 0.0000 0.0000 0.0000 0.0000
4.1953 -1.2148 0.0000 0.0000 0.0000 0.8164 0.0000 0.0000 0.0000 0.0000 0.0000 -2.0586 0.0000 0.0000 3.9609 2.4961 0.0000 0.0000 0.0000 0.0000 0.0000 0.0000 0.0000 0.0000 0.0000 0.0000 -1.3125 1.4102 -0.2422 -0.6758 0.0000 0.0000 0.0000 0.0000 2.9805 0.0000 3.3750 -0.8008 0.2344 1.6250 0.0000 0.0000 0.0000 0.0000
3.4180 0.0547 0.0000 0.0000 0.0000 0.0000 0.0000 0.0000 0.0000 0.0000 1.6094 -1.3516 0.0000 0.0000 2.2031 0.9102 0.0000 0.0000 3.3516 -0.5859 2.2461 3.4531 0.0000 0.0000 0.0000 0.0000 1.4766 0.4609 1.8047 3.9180 0.0000 0.0000 0.0000 0.0000 0.0000 0.0000 0.1602 1.0586 0.3086 2.4883 0.0000 0.0000 0.0000 0.0000
1.6680 2.4414 0.0000 0.0000 0.0000 0.0000 0.0000 0.0000 0.0000 0.0000 2.9648 -1.8633 0.0000 0.0000 0.0195 2.6719 0.0000 0.0000 0.2734 -0.9883 3.9727 3.2500 0.0000 0.0000 0.0000 0.0000 2.5117 2.1836 2.5586 1.8086 0.0000 0.0000 0.0000 0.0000 0.0000 0.0000 2.7422 2.4258 0.4922 -0.0039 0.0000 0.0000 0.0000 0.0000
2.3945 0.0000 0.0000 0.0000 0.0000 0.0000 0.0000 0.0000 0.0000 0.0000 0.0000 -4.1992 0.0000 0.0000 0.0000 0.8398 0.0000 0.0000 0.0000 0.0000 0.0000 0.0000 0.0000 0.0000 0.8477 0.1758 0.0000 0.0000 0.0000 0.0000 0.0000 0.0000 0.0000 0.0000 0.0000 0.0000 1.3320 0.0000 1.4453 1.5469 1.1133 1.2070 0.0000 0.0000
1.6367 0.6562 0.0000 0.0000 0.0000 0.0000 0.0000 0.0000 0.0000 0.0000 1.9414 -0.8867 0.0000 0.0000 1.1719 1.1016 0.0000 0.0000 0.0000 0.0000 0.0000 0.0000 0.0000 0.0000 3.2969 0.4609 0.0000 0.0000 0.0000 0.0000 0.0000 0.0000 0.0000 0.0000 0.0000 0.0000 2.0391 1.4141 -0.0625 0.3945 -0.0039 1.0586 0.0000 0.0000
0.0000 0.0000 0.0000 0.0000 0.0000 0.0000 0.0000 0.0000 0.0000 0.0000 1.9844 -2.7031 0.0000 0.0000 -1.6016 3.9570 0.7695 3.3828 0.0000 0.0000 5.0117 0.2148 2.0547 0.0000 0.0000 0.0000 0.0000 0.0000 0.0000 0.0000 0.0000 0.0000 2.6680 0.5703 0.0000 0.0000 -0.4766 -1.2852 0.0273 2.0586 0.0000 0.0000 0.0000 0.0000
0.0000 0.0000 0.0000 0.0000 0.0000 0.0000 0.0000 0.0000 0.0000 0.0000 0.5859 -1.5469 0.0000 0.0000 0.3672 -0.2930 4.6055 -1.2461 0.0000 0.0000 0.2773 1.4336 2.6562 1.9883 0.0000 0.0000 0.0000 0.0000 0.0000 0.0000 0.0000 0.0000 1.5391 1.0547 0.0000 0.0000 3.3047 4.4531 2.1406 1.4023 0.0000 0.0000 0.0000 0.0000
1.6211 -0.6680 0.0000 0.0000 0.0000 0.0000 -0.4219 0.0000 0.0000 0.0000 2.8516 -0.3125 0.0000 0.0000 0.2656 1.6562 0.0000 0.0000 0.0000 0.0000 0.8203 2.0664 0.0000 0.0000 0.0000 1.2539 2.0898 0.2891 0.0000 0.0000 1.2773 2.7109 0.0000 0.0000 0.0000 0.0000 0.0000 0.0000 1.3672 -0.9609 0.0000 0.0000 0.0000 0.0000
1.3594 -0.2734 0.0000 0.0000 0.0000 0.0000 1.9375 1.5195 0.0000 0.0000 0.9688 -1.4961 0.0000 0.0000 1.9961 1.4453 0.0000 0.0000 0.0000 0.0000 0.4375 3.1016 0.0000 0.0000 5.4414 2.8906 2.1523 2.5898 0.0000 0.0000 1.3047 4.9844 0.0000 0.0000 0.0000 0.0000 0.0000 0.0000 3.1992 1.3672 0.0000 0.0000 0.0000 0.0000
0.0000 0.0000 0.0000 0.0000 0.0000 0.0000 -4.2266 -10.2266 -3.4961 -3.9844 -8.5742 -8.0703 0.0000 0.0000 -5.9297 -1.4141 0.0000 0.0000 0.0000 0.0000 0.0000 0.0000 0.0000 0.0000 0.0000 0.0000 0.0000 0.0000 -3.7188 -10.8203 -9.3281 -6.7734 0.0000 0.0000 -3.4102 -4.9609 0.0000 0.0000 -5.3281 -3.1914 0.0000 0.0000 0.0000 0.0000
0.0000 0.0000 0.0000 0.0000 0.0000 0.0000 0.0000 0.0000 0.0000 0.0000 0.0000 0.0000 0.0000 0.0000 0.0000 0.0000 0.0000 0.0000 0.0000 0.0000 0.0000 0.0000 0.0000 0.0000 0.0000 0.0000 0.0000 0.0000 0.0000 0.0000 0.0000 0.0000 0.0000 0.0000 0.0000 0.0000 0.0000 0.0000 0.0000 0.0000 0.0000 0.0000 0.0000 0.0000
