13.1875 -2.9688 2.8945 2.3086 -0.4844 2.8359 -0.5781 -1.0352 2.6133 -5.5625 3.7383 1.1133 -0.9023 -0.2305 -0.1211 -2.3242 1.8125 -2.8281 -0.1914 2.5625 -0.3672 -1.1367 0.9883 -6.0273 -5.1562 -1.4414 0.4062 0.3945 -1.8203 -1.6836 -0.4375 -1.5977 3.0703 -1.1211 -5.9922 -4.1094 4.3789 11.3828
2.9453 -0.9883 -2.5820 4.7930 3.3906 2.6914 0.0273 -0.1719 3.3984 -0.1133 5.0117 4.0898 1.0742 6.0039 4.1719 2.5938 3.3320 3.6875 5.2422 2.1875 0.8164 4.0742 2.9883 -0.3555 0.8516 1.3945 2.1445 2.6367 7.1328 4.5156 1.9375 3.9766 1.1250 4.2578 0.3359 6.4531 2.4727 4.0352
2.9648 -0.5898 6.7500 0.4609 2.3750 4.6680 1.7500 0.8750 1.8828 3.8047 3.2031 3.3164 4.8359 1.6719 1.9219 2.3555 2.4336 -1.3594 1.4102 1.9961 2.0742 -1.6445 3.2773 -0.0078 2.7656 1.5117 4.4062 2.1367 1.5195 1.9922 0.9414 4.2891 6.3945 5.6289 2.5625 4.6914 7.9922 2.0469
4.3945 1.8750 -2.1836 2.8672 4.2461 3.3984 2.3633 1.6523 3.6133 2.1133 5.3320 3.5000 6.1992 3.5312 4.7852 2.4102 3.5820 2.4531 3.2930 5.4570 2.3789 0.8789 2.9688 1.6562 3.2305 1.8008 5.8398 4.8125 7.7227 5.0703 4.1641 4.2344 3.4062 6.8711 3.4922 8.3750 3.6055 6.9570
0.4688 -6.9805 -1.5703 2.7383 -0.1250 4.6758 -4.3945 -3.8359 2.2812 -9.8750 5.4883 3.6250 -3.9336 5.4062 0.2227 4.9336 1.9297 -0.9844 0.0195 4.3008 -3.7070 0.2500 1.9844 -9.5859 -8.6445 -0.9023 4.7852 0.2070 -0.7891 1.9844 -3.3555 0.7305 -1.5508 2.6680 -8.0273 -0.7148 5.4570 -0.9766
6.9688 -6.9805 -4.1406 1.9727 1.8398 1.9453 -0.6328 -0.8203 0.7578 -7.0781 1.4766 4.7773 2.2773 -0.8320 0.3281 1.6328 0.0742 -2.7695 2.3164 3.4336 -0.7969 -0.9922 -0.0117 -5.7422 -7.0859 -1.8477 4.2148 0.3359 0.0859 0.7891 2.2109 2.8711 4.1914 6.4219 -7.5156 4.5703 2.3125 0.9570
1.1211 -5.0273 -2.7070 2.9570 0.5391 2.4844 -1.2656 -2.0273 2.9727 -2.4609 3.1875 3.4727 1.8438 4.4648 1.8984 -0.7266 3.2539 0.3906 3.7500 2.4062 -1.2070 1.6016 2.3125 -4.9883 -0.1602 0.9102 1.4219 0.4727 4.3398 0.9922 1.6992 2.8633 0.7305 2.2812 -2.6719 5.0195 2.8477 1.4961
1.2539 -7.1914 -2.3789 2.1211 1.2148 3.4844 -2.2461 -2.9766 2.9766 -2.9805 3.1367 3.1445 3.1250 4.3945 2.3164 0.5352 2.6133 1.1992 4.0742 1.9102 -2.2422 0.7383 1.7266 -7.1602 -0.6992 0.3594 2.4883 0.2344 3.9648 1.0312 1.5977 3.2852 0.9883 4.2070 -2.8320 5.3516 4.9570 2.2812
4.1836 -2.3125 2.5156 2.4219 1.8320 3.6289 -0.0938 -0.2070 0.6484 -0.1797 1.7422 -0.3633 0.4219 2.5469 2.0469 0.9023 0.5156 3.2070 0.4258 -0.8438 -0.3828 1.0000 2.0781 -2.2891 -1.8711 0.6055 2.3125 0.7031 0.2227 -0.5703 -1.4453 -0.6602 3.2773 4.3086 0.7656 0.7070 2.1211 -2.6758
3.3203 1.6445 0.9727 1.9922 3.9766 6.8047 2.8320 1.8984 4.6367 1.1250 5.2930 3.5039 3.3242 5.4297 3.9922 1.5469 3.8945 2.5977 4.4414 3.8516 3.1445 1.4258 2.7500 -1.1992 3.3945 1.4570 5.3242 2.0430 3.0117 3.8750 2.4883 4.5430 2.5117 5.5078 3.0781 4.5703 4.4766 4.4414
7.6289 -8.3086 3.3633 0.0508 -1.0898 4.2109 -1.4023 -1.4336 -0.8359 -3.0273 0.6445 1.3047 -2.1289 2.2695 1.8398 -1.8398 -0.8398 0.4688 2.3711 -1.0273 -1.2031 -1.8828 1.0000 -7.9062 -3.7266 -1.4062 1.0703 0.3203 -0.6211 -0.8984 -0.6016 1.7500 4.8164 0.1484 -5.1523 0.1016 5.8906 -0.7930
4.4258 -1.5547 0.3555 1.9453 -0.6016 0.7031 1.6328 1.1484 0.1055 -4.7656 0.8047 1.2227 0.8438 2.1523 -0.8359 0.8477 0.0664 -1.2383 1.2695 3.6914 1.6172 3.1719 1.0820 -4.4023 -3.8945 2.0781 1.1523 1.4531 3.4219 1.0078 -0.5586 2.1289 -0.7773 0.1328 -4.7422 1.1953 0.3359 -0.9062
3.1250 -5.6094 1.4922 1.7109 -0.3242 2.1992 -2.0977 -2.7031 2.2344 -3.5703 2.5938 3.4492 -2.0430 1.3164 1.9961 -1.3711 -1.4727 -0.3945 2.7109 -0.4805 -2.2344 -0.8906 -1.0547 -5.0039 -2.5742 -3.4023 1.5469 1.4688 1.9180 -1.2812 -1.7734 -0.9062 -3.4102 0.6094 -4.1172 0.3828 4.6445 7.5977
1.5820 0.6250 -0.4648 0.8828 1.8594 3.1914 3.7617 2.5547 1.9727 -0.4492 1.3477 4.2031 3.1602 2.3320 1.3242 2.0508 1.7617 2.0781 2.5195 0.7773 3.6602 2.3594 -3.0859 -1.0938 -0.2812 -1.1758 1.5430 3.3867 5.1328 6.5078 3.4648 2.6016 -2.9219 1.3945 -0.3281 5.2227 -4.4609 0.8711
5.3906 -0.4883 0.3086 1.5703 3.2031 4.2070 1.7148 1.1875 3.3086 1.3828 1.1250 3.7852 3.4023 3.7383 2.5977 1.0547 1.5156 0.9141 1.9688 0.9180 2.0469 -2.8008 2.8633 0.6289 1.1680 1.7969 5.9570 0.6641 3.2227 3.4336 3.1523 2.5352 2.9648 6.7305 1.7930 5.9844 2.7539 7.3750
1.3438 -9.9062 -0.9766 2.4414 2.1602 4.8867 -1.7969 -1.3633 -0.1016 -9.8750 0.3008 5.3516 -0.3320 3.4141 -0.3359 3.4883 -0.6406 -1.9414 -0.1953 4.9102 -1.0938 1.2188 3.2266 -12.3711 -9.9023 1.3281 6.7266 0.0586 2.2148 0.8984 -0.4102 0.5820 0.3828 5.0664 -8.5664 3.3398 0.4609 1.6836
1.2695 -1.8008 3.0430 -4.4453 1.6328 3.9609 -4.7578 -3.3711 -1.0312 -0.2969 -0.5508 -0.9375 -0.9688 2.8438 -0.9336 6.1523 3.4023 5.5977 -3.6953 4.8242 -4.9023 3.0586 6.8711 -4.9570 -2.1641 1.0938 0.8359 2.3125 4.7734 5.7266 -2.1484 -4.2578 1.2305 0.2578 -1.8281 -2.2852 -0.0078 -1.6992
0.6094 -0.5898 -0.9453 -0.3906 -0.4570 3.0156 -3.4688 -1.8203 3.5391 -5.5195 5.7461 1.5430 -4.5117 5.8281 0.6797 2.6172 2.5312 2.5078 -1.0195 6.8477 -1.8945 6.9023 2.7031 -7.5742 -3.5234 2.0742 -0.9219 1.4219 5.2031 4.6484 -1.3633 -0.6016 -0.8672 -1.2578 -3.6875 0.8711 -3.1484 -2.5195
3.8359 -0.1797 -2.3320 3.0000 2.7305 4.5742 4.1914 3.5938 2.4688 0.5430 3.8281 2.6328 3.4023 5.3750 4.2812 0.0078 2.1719 -0.5938 5.4492 1.5859 4.5977 -0.3438 -1.0703 -0.0430 1.8984 2.2148 4.6992 1.0078 4.0117 1.5156 2.2383 4.7383 2.1953 5.9414 3.3008 6.7930 3.5664 5.3906
-0.3750 -2.3320 -1.4961 0.1523 3.8672 1.6523 -3.6445 -2.2773 1.3125 -7.9766 2.4258 -0.0703 -4.2266 1.6055 -1.9805 4.5664 1.3984 3.5156 -2.2344 1.6172 -3.7188 1.5859 -0.6641 -7.6367 -7.8438 -2.5000 2.7344 2.4375 4.7734 3.0430 -1.7812 -2.1445 -1.3789 -0.6680 -6.3438 -2.8672 -0.0156 -1.2891
4.1211 -6.2852 -1.9453 2.3359 1.1641 4.4805 -1.8516 -2.9531 2.9375 -5.0586 3.8594 3.8281 3.0195 4.7852 2.1953 2.3047 3.9023 1.3516 4.6406 4.2617 -2.0859 2.1797 1.5820 -8.2031 -3.1992 1.3906 2.5625 1.1367 5.2812 2.9648 2.5977 3.6914 0.0078 3.9023 -4.9805 4.9883 4.7969 4.2344
4.5625 -4.5430 0.1016 1.5273 -1.1289 -0.7344 -2.9609 -1.8711 1.2070 -4.2891 -0.2305 0.3672 -2.7383 -0.0273 0.7969 0.1250 0.8047 2.1836 -0.4766 3.0664 -1.6914 0.1992 -0.1680 -4.6641 -2.8789 1.0156 0.2500 -0.3008 3.1758 2.0039 -1.9297 0.0391 -0.8945 0.0625 -5.0547 2.6055 -1.4961 0.3711
-3.8555 -0.4648 2.8438 -4.8711 -0.3828 2.4375 -6.1758 -4.4609 1.6719 -0.2305 0.0742 0.1914 -1.8750 2.2109 -0.0195 6.5664 6.0352 5.1367 -1.9023 6.9375 -4.7148 4.6211 6.3945 -4.0586 0.2188 2.2461 -0.7539 1.6250 4.3359 5.7344 -0.7305 0.0625 -3.0078 -0.3125 -0.6641 -1.6641 2.8477 2.6602
3.7305 0.2773 0.4922 0.1953 1.3320 5.8555 2.7852 1.5781 5.0430 5.0820 3.7344 3.2344 4.1523 2.2461 4.2109 -0.0273 6.1211 -0.3672 3.8047 2.1367 2.8125 0.0312 2.6914 2.3633 6.8359 1.2656 4.2969 1.9844 2.8242 4.1875 2.7695 5.3750 2.6172 5.1914 7.2305 6.4297 7.8867 8.2695
3.5273 1.0742 1.1680 0.6328 2.2109 5.3047 2.1484 1.1562 4.2148 -0.0352 3.9414 1.9531 2.8828 2.9102 2.7188 -0.0391 5.1758 0.1172 3.8438 2.2930 2.4102 -1.1719 0.7344 -0.7070 1.8438 0.5195 4.5469 1.4336 0.6406 2.3750 1.7305 4.2969 0.4219 4.2695 2.1953 2.4336 6.2539 5.4648
-4.2227 -4.5781 1.2617 0.3477 -0.3633 1.0508 -5.5742 -5.2656 2.3242 -8.2305 1.3320 1.8125 -1.9219 2.5000 -1.2930 2.0820 3.3398 1.5859 -0.3164 0.2656 -4.7617 -0.0508 1.5938 -9.3086 -6.3086 -0.0156 1.0156 -1.0352 0.6250 0.5430 0.2734 1.3320 -4.2344 1.6172 -7.3633 1.3242 1.8398 1.3047
9.6055 -9.9492 -0.2539 -4.8125 0.6133 2.2773 -2.0156 -2.4258 0.4258 -9.8164 4.4805 2.3867 -0.7578 2.3789 -0.3242 0.0664 4.1094 -0.4102 0.3867 0.2812 -2.4336 -0.8984 2.4961 -12.6484 -9.1055 -0.6758 -0.6250 -0.9336 0.3477 1.5938 0.8203 -0.6367 -0.6055 0.3750 -8.7461 -0.7773 0.7734 4.3359
4.1797 -5.5703 2.2461 2.8281 -0.4180 2.2461 2.0938 1.2578 -1.9023 -5.8086 2.9961 5.2188 1.2031 2.1484 1.2578 1.6719 2.5000 0.0195 2.1602 3.9180 2.5859 3.4492 2.5078 -7.4531 -5.5156 2.0938 1.5352 1.6562 4.3125 2.7773 1.4453 3.1094 1.4180 2.8164 -6.3125 2.7617 3.5234 2.1484
5.6328 2.9141 0.4922 5.4609 3.5781 2.6484 6.8711 5.8828 -0.7031 2.2383 0.6016 1.0273 2.3477 2.4805 2.2500 2.4727 -4.2305 0.4414 3.9180 2.2188 6.3789 1.4883 0.1602 2.7930 1.3164 2.7109 3.0898 2.2812 2.4805 1.9492 -0.3047 2.0625 2.8203 4.3281 2.4727 4.6953 -1.4180 1.0586
2.6914 -9.3867 0.4375 -1.4922 -0.0039 1.2070 -2.1875 -1.9297 -2.9531 -8.0430 -0.1211 2.0781 -2.0820 -0.6094 -0.9414 0.6133 0.9570 -0.6406 -1.7617 -0.2148 -2.1953 3.8711 4.9336 -11.0469 -9.3633 2.7695 -1.4609 0.6523 2.0898 -1.3555 -0.5586 -4.4688 0.7812 0.5469 -8.2500 -2.2305 1.9492 -1.7617
6.6289 -1.3906 -1.4531 3.6797 0.5430 1.9805 3.2891 2.4492 1.1172 -1.0547 4.3906 0.1641 -1.0469 3.0312 2.1914 -2.1406 -1.8945 -2.0117 2.1562 -1.6836 4.1953 0.3594 -3.1094 -0.1133 -0.3242 -2.1719 0.9414 -0.1797 0.4297 0.7852 -3.0469 1.4141 1.2227 0.6133 0.9297 0.2578 2.8281 6.1523
2.5898 0.0625 -3.2812 1.8008 2.4727 4.1758 4.1875 3.5820 2.3711 -0.1758 2.8008 2.1172 3.2227 4.4141 3.8516 0.2695 2.4531 -0.3398 5.7383 0.6016 4.4727 -0.0117 -2.7031 0.1562 1.5820 1.9961 4.2461 -0.1289 2.9375 1.1562 2.2266 5.6797 1.0742 5.1680 3.2422 5.8633 3.6406 6.7461
1.9688 0.7734 4.7344 -2.3516 2.6328 4.2930 0.9141 0.7422 3.9023 4.6094 3.6133 3.3477 2.5273 3.2148 4.3789 2.0195 5.1211 3.8203 2.3477 -1.2969 0.7695 -1.7109 2.9102 2.5391 5.8438 0.3750 2.3828 2.0781 3.6758 5.3789 1.9297 3.4570 -0.1367 4.7891 5.2266 6.8047 7.1172 8.4844
1.3984 -6.8359 0.7031 -2.5430 -0.9961 4.5391 -6.3320 -5.8008 4.0508 -8.2422 2.3320 3.2227 -2.9805 2.3320 1.1211 1.9883 4.0078 0.2695 -0.3750 -0.1836 -6.1211 -1.0820 0.0352 -9.5742 -5.8398 -3.2383 2.3047 0.6992 0.3438 3.7383 -1.6172 1.5039 -4.5156 0.5508 -6.3594 1.0156 5.3203 6.5938
2.5195 -2.1641 0.3125 0.3086 2.2617 4.5273 0.8320 0.0312 2.9336 -1.0352 2.1016 2.3750 3.2266 2.1875 2.2266 -0.3281 3.7344 0.6680 3.4531 2.3047 1.2578 -3.0859 1.2070 -3.7383 1.0078 0.3125 4.0078 0.6367 0.4688 1.5508 1.8008 3.7461 0.8047 5.0508 0.3359 2.5234 6.3086 6.2891
4.2148 0.5781 -0.9141 0.1992 -0.4492 5.4180 3.7812 2.9141 2.8711 3.0547 5.4453 5.5469 1.8398 2.6914 5.0273 2.1328 1.6523 0.7148 3.7109 3.1289 3.0273 -1.6523 5.0000 2.2422 3.9102 1.4609 2.8633 2.2539 2.7266 3.9844 1.1836 3.6836 -0.5742 3.5977 2.9375 1.9570 6.2617 8.0664
3.6367 -3.6055 -1.4805 3.1367 0.1953 2.9219 2.7930 1.8008 2.5234 1.4141 3.3008 3.6953 2.2852 0.7734 2.9102 -1.1328 2.5742 -1.1758 5.9961 2.8828 2.7812 -1.4883 -0.9102 -0.9062 3.1328 -1.0703 3.1719 0.6875 1.9414 1.1836 0.9961 5.5391 0.0508 4.4453 1.8164 5.8359 7.7461 8.2344
4.1016 -4.7578 -0.2852 2.3594 0.8320 -4.7383 0.8633 0.3398 -2.9219 -5.5156 0.6289 -0.0625 -1.8086 -1.9648 -0.6445 -4.6562 -2.3750 -5.0273 1.4375 -4.1562 1.7656 -0.7812 -5.1992 -6.9883 -5.5625 -4.3125 -3.1250 -2.5391 -0.6992 -5.1875 -1.2773 -1.4414 1.2578 -3.9727 -6.8906 -1.6133 -5.8867 5.8477
