08 fe 03 ff 01 00 ff ff 00 00 02 fd fe 00 01 fb 00 fd fe fb ff fa fe fd ff fc fe fe fa fb fb fc 02 fe ff fb 02 09
03 fb 01 01 03 06 fe fe 01 fd 03 03 03 02 01 04 04 03 01 06 fe 02 02 f9 fd ff 05 01 03 03 01 02 02 06 fd 04 04 01
06 ff 03 01 05 09 00 00 04 fb 07 05 ff 05 03 06 06 06 01 07 00 07 06 f8 fc 03 05 05 07 08 00 01 02 05 fd 04 03 03
03 fe 01 02 03 05 ff ff 02 fd 03 02 ff 01 01 03 02 04 01 04 ff 03 02 fb fe ff 03 02 01 03 ff 01 02 03 fe 01 03 02
04 00 02 03 03 06 00 00 03 ff 04 03 ff 03 03 02 02 05 01 05 00 03 06 ff ff 00 04 03 03 03 00 01 02 05 ff 01 05 01
0a 00 03 04 04 07 03 02 05 01 05 06 00 05 03 04 06 02 03 05 03 06 06 ff 01 05 05 05 07 05 01 04 05 04 00 04 05 03
05 fe 01 01 03 07 fe fd 04 ff 03 04 03 03 03 04 04 04 02 04 fe 03 04 fc ff 01 04 04 03 04 02 02 03 07 ff 03 06 03
04 02 01 02 02 06 00 ff 04 01 03 04 02 03 03 03 04 03 02 04 00 04 04 00 01 02 03 04 03 04 02 02 02 05 01 03 04 03
04 fe 01 02 04 05 ff 00 00 fc 04 03 fd 04 01 05 06 04 00 05 00 05 04 fa fc 02 03 03 04 04 ff 00 01 02 fc 00 02 fe
04 00 01 02 00 03 01 01 01 01 02 02 02 02 02 02 03 ff 04 03 01 ff 00 00 01 00 02 01 01 00 00 03 01 04 00 03 04 04
05 ff 02 01 02 07 00 00 02 fe 03 04 00 05 02 04 04 04 03 06 00 04 04 fc fe 01 03 04 04 04 01 02 00 04 fd 02 06 02
0b f6 05 fd 04 06 ff fe 01 f6 03 05 fd 06 00 02 04 04 01 05 ff 07 05 f1 f5 01 01 04 07 06 00 ff 03 01 f4 02 ff fe
05 ff 02 03 01 06 00 00 04 fd 05 03 ff 05 03 03 04 02 02 03 01 03 04 fd fe 02 03 03 02 03 00 03 01 03 ff 02 05 04
07 01 01 05 02 07 01 01 02 ff 03 04 ff 03 03 04 01 04 03 06 01 05 02 fe ff 01 04 03 03 04 00 02 01 04 ff 02 04 02
05 ff 01 04 01 05 02 01 02 fe 03 07 01 03 02 02 02 03 04 04 02 04 03 fe ff 02 04 03 05 04 03 04 02 04 fd 04 05 01
05 fe 03 02 04 08 00 00 01 fd 04 07 00 05 03 05 06 07 01 05 00 06 07 fb fe 03 04 05 07 06 02 01 04 05 fc 03 05 00
05 f9 03 ff 06 06 fc fc 03 f7 07 04 fc 06 02 06 0a 08 fd 05 fc 0a 09 f4 f7 03 01 06 08 07 fe fc 01 02 f6 ff fe fd
01 02 02 01 03 09 fe ff 01 ff 07 04 fe 07 02 08 08 05 01 09 fe 07 04 fc ff 02 02 05 06 06 fe 01 fe 05 ff 02 03 02
06 fe 01 01 01 06 00 00 02 fe 04 05 00 05 03 03 03 05 03 04 00 05 03 fb fe 02 03 02 04 04 01 02 fe 04 fd 03 01 02
00 01 ff 02 05 04 01 01 02 ff 05 02 ff 07 05 04 06 09 02 04 01 07 08 00 01 05 02 06 08 06 01 00 00 03 fe 01 03 fb
03 01 01 02 03 05 00 ff 04 02 03 03 02 03 03 01 04 04 01 02 00 04 04 01 02 01 03 04 03 03 02 01 03 05 02 03 03 01
05 03 02 00 04 0a fe ff 04 01 06 05 00 05 03 07 07 07 00 08 fe 06 05 fe 01 02 03 05 05 06 ff 00 00 05 00 03 04 02
09 fd 03 fb 04 07 ff ff 02 00 05 02 01 04 04 05 06 08 01 07 ff 07 08 f9 ff 04 01 04 06 0a 02 01 03 04 ff 04 01 02
03 ff 01 02 03 04 01 01 01 00 02 04 02 03 02 04 02 03 03 04 01 02 02 fd 00 01 03 02 03 03 01 02 00 05 ff 04 02 04
04 00 01 02 02 05 01 01 01 01 03 03 02 04 03 04 03 02 04 05 01 02 02 ff 01 01 03 02 03 02 01 03 03 05 00 04 03 03
06 fe 01 02 04 07 ff ff 02 fc 04 04 fd 04 03 05 06 06 01 04 ff 06 06 fa fc 03 03 05 05 07 01 01 02 04 fd 02 03 01
04 fe 01 ff 04 05 ff ff 02 fc 06 04 ff 05 02 04 07 04 ff 04 ff 06 05 fa fc 02 02 05 06 06 01 00 01 03 fd 03 01 02
04 ff 03 00 01 04 01 01 02 fe 05 05 00 04 03 02 03 07 00 00 01 07 04 fc ff 03 00 03 06 06 02 00 fe 03 fe 03 01 02
0a fe fd 01 03 07 02 02 01 fa 03 06 ff 04 01 05 06 05 01 07 01 09 04 f6 fb 02 02 05 09 09 03 02 ff 00 fb 03 fb 02
09 fe 01 00 05 07 01 01 02 fb 07 06 ff 07 02 05 08 04 01 07 01 08 06 f9 fb 03 02 05 0b 07 00 00 03 04 fb 04 00 03
0a 01 03 01 03 0a 01 01 04 ff 06 06 00 05 04 04 05 07 03 09 01 07 08 fd 00 04 04 06 08 08 02 03 02 05 ff 04 07 07
06 fe 01 02 01 06 00 00 02 fe 04 06 00 05 03 03 03 05 03 05 00 04 04 fb fe 02 04 03 04 05 01 02 fe 05 fd 04 02 02
03 ff 02 02 01 05 ff ff 02 ff 04 04 01 04 02 02 05 00 03 06 00 03 02 fc ff 00 04 02 02 01 ff 02 01 05 fe 03 03 02
08 fd 02 04 01 09 00 00 03 fd 05 06 00 05 03 02 03 02 04 08 01 03 05 f9 fe 01 05 02 03 04 00 04 00 06 fd 05 06 06
05 02 01 03 02 05 02 02 02 02 04 03 01 04 03 03 04 01 04 05 02 03 02 01 02 01 03 02 03 02 00 03 03 04 01 04 02 04
05 fc 01 02 04 06 ff ff 03 fc 03 03 00 02 01 04 01 02 01 05 ff 00 03 fa fd 00 07 00 01 03 ff 02 04 07 fe 04 04 04
02 04 01 02 03 04 02 01 04 05 03 03 04 03 03 03 04 02 03 03 02 03 02 02 05 01 03 03 02 04 03 03 01 04 04 04 00 05
fe e0 f9 fc f8 ed f2 f3 f4 dc f4 fd f7 f6 f1 f2 f2 ed fa f5 f4 ec eb dc dc f1 f7 f0 f2 e9 f8 f2 f2 f0 d8 f0 ed 0b
