4.1641 0.3203 -0.0156 -1.6719 0.3359 2.0391 -1.6523 -1.7422 0.0781 -0.2148 1.2305 -4.9883 -2.9570 0.1367 -1.8945 0.6367 0.3867 -1.1445 -1.7148 -0.1992 -1.9648 -0.8438 0.6172 -0.2109 0.1836 -2.2969 0.0273 -3.5586 -0.9258 -2.7812 -2.8789 -0.9648 0.1992 -1.4648 -0.1406 0.7148 1.5820 2.8711
0.5859 -2.4609 1.4688 1.9141 2.8633 1.4922 -1.4766 -0.9727 0.0430 -3.0430 1.4258 2.3945 2.8281 1.9648 3.6406 2.0742 -1.0508 2.7734 2.5430 1.3438 -0.6211 1.5000 -1.5195 -1.8633 -2.1875 1.0391 0.1250 2.1445 1.8516 2.1758 3.2500 2.7812 2.2930 1.5898 -2.1875 1.7422 1.5234 0.7070
4.6680 -4.9023 2.1523 2.1055 1.8320 1.6094 0.8711 0.8633 2.4609 -1.8438 3.0977 4.5273 4.2891 1.1680 3.4258 2.0430 2.5703 2.4961 3.3984 3.2852 0.4141 -0.0625 2.0820 -2.9570 -3.0156 0.3867 1.0586 3.8945 4.1523 2.9297 2.6953 3.9609 -0.1016 2.2070 -3.2031 1.8984 0.9727 1.5312
0.7344 -3.2188 -0.6758 1.9219 1.3828 2.6953 0.7734 1.0469 1.5000 -1.4180 1.9023 1.4883 0.5742 1.0430 2.1055 0.9961 1.1562 0.8477 0.9219 0.3750 1.0977 0.9609 0.9141 -1.1875 -1.9141 0.3242 -0.1250 1.3203 2.9453 1.4844 0.7148 1.7734 0.3711 0.8867 -1.6211 0.4375 1.6562 -0.9141
0.4648 -0.2734 2.2617 3.1562 1.5625 1.5117 0.4883 0.5234 1.5391 0.4414 3.5547 3.0078 1.3750 2.2656 2.0664 1.4141 0.4023 0.8242 1.2031 1.1445 0.1016 0.2305 0.1602 -0.8164 0.6016 0.9922 1.8945 0.7109 1.2070 0.9219 0.9102 1.8320 1.8125 0.6133 0.8203 1.5859 2.5391 -0.6641
4.6680 0.3398 4.9570 5.9375 0.6172 0.3984 4.2461 5.2227 0.7383 -0.6719 2.4258 3.2773 5.1094 3.4414 4.9805 1.1875 2.5078 -0.7617 1.1133 1.9375 3.8555 -0.9922 0.6523 -0.9609 -0.4688 0.8750 5.4727 4.0586 1.6367 1.5430 2.4805 1.4102 3.0625 2.8242 0.9141 3.7500 4.1406 1.8867
0.3125 -2.1641 -0.1719 1.2812 3.6328 3.5195 0.5156 1.6484 0.7461 -2.9180 1.4180 3.2891 3.5977 4.2930 4.1602 3.7812 1.0781 3.2070 3.7617 2.6641 0.7500 3.0508 -1.1016 -2.1719 -2.7109 0.5820 1.3398 3.5039 1.4023 2.3086 3.2383 4.8867 1.4961 2.9688 -2.3438 2.9414 2.6094 1.2656
0.2734 -1.6406 -0.0938 1.3594 2.6797 2.2305 1.3008 2.2969 1.2969 -1.5156 1.5469 3.7383 4.1992 3.4766 3.0273 2.6523 1.1367 2.7461 4.0820 3.2383 1.1523 2.4922 0.4961 -1.3398 -1.3750 1.3203 1.3984 3.1445 1.2422 2.2734 2.6367 4.7500 0.8125 2.6914 -0.9375 2.2695 2.1250 1.9336
2.1680 -3.2070 1.7188 1.5000 -2.2969 -0.5117 0.0781 -0.6523 0.0938 -1.4609 -0.0508 1.0273 1.2344 0.9180 1.4883 0.0703 2.7656 1.5859 1.1875 3.1172 -0.8828 0.6719 0.7383 -1.3945 -1.3477 1.5234 -0.5742 0.1406 3.5586 1.5156 0.4922 1.0703 1.5859 0.0820 -1.4688 -0.9023 0.8398 -0.3633
0.7422 -0.9414 2.4414 -0.4297 2.5273 1.6211 1.6211 1.5195 1.6367 -2.4336 1.6719 1.9883 -0.3945 1.1133 3.6211 3.0625 -0.7812 1.1328 1.0547 0.8672 3.3828 3.1445 -0.7461 -2.2773 -1.3438 2.0508 2.8008 3.1836 -0.0469 1.7422 0.5156 1.9727 2.4844 2.0156 -1.1289 1.4531 2.1016 0.8555
1.4766 -2.2812 2.8047 1.6992 1.7031 2.1953 2.3906 2.4180 2.5820 -1.2344 1.6719 3.7617 1.0859 2.8125 4.1055 3.0859 1.5430 2.1719 2.4414 1.5898 2.1211 1.8711 1.6172 -1.6641 -1.3008 3.2500 2.2188 3.4023 2.7266 3.0664 0.1406 3.8242 1.4297 1.6328 -0.3359 2.9062 1.9883 -0.2812
3.4414 -6.2188 3.1172 0.7773 2.2031 1.6523 1.6016 2.4648 -2.5391 -4.6484 0.0586 5.3125 2.9258 0.3477 2.0391 -0.3125 1.9219 3.0469 1.4961 3.5977 1.8867 -1.1602 1.4766 -4.7344 -4.0078 0.0938 1.8828 0.9180 3.7656 3.4297 1.6445 2.1992 0.9062 1.2227 -3.5391 1.4258 0.8672 -2.1406
1.4844 -2.2148 2.4961 0.5820 1.3555 3.7578 1.1055 1.1602 -0.1641 -2.1172 3.2852 2.0078 1.0664 2.1758 4.6953 1.6562 0.1016 -0.6836 3.5859 2.2461 0.7969 0.9219 0.0273 -1.6211 -2.1328 2.8984 2.2305 2.2578 0.5039 1.7969 0.3945 3.0195 -0.1016 3.6914 -2.9062 1.3867 3.8086 0.0312
1.2383 -1.3320 0.9297 2.5625 0.9297 1.0742 1.8438 2.1680 1.3438 -0.5000 2.1641 4.4648 2.7344 2.4805 3.9844 2.0469 -0.0625 2.1602 1.5781 4.0312 2.1719 2.0742 -0.5781 0.1914 0.0352 2.4844 1.9570 2.2656 1.9141 2.8711 1.8320 3.1094 1.0430 0.7734 0.4219 0.9570 1.5469 1.9023
0.1914 -2.2617 2.4766 3.4922 1.3086 -1.0820 2.1094 3.2734 -1.3008 -1.0625 1.0234 3.4648 5.7227 3.0000 3.7266 1.1445 0.2070 1.3164 2.9766 2.4883 2.6680 1.0312 -0.9219 -1.2891 -1.2344 2.0156 3.1133 2.9258 1.3047 1.4180 3.3438 3.4844 1.7617 1.7539 0.4180 2.1875 3.8750 1.5156
0.5547 -3.7461 2.5195 4.4883 0.6484 -0.1992 0.8125 1.0508 0.2461 -2.8477 0.8359 3.7773 4.1133 3.9883 3.5625 1.0000 1.5703 1.4570 2.6406 1.7930 0.8711 1.3633 0.6172 -1.9297 -3.2031 1.9531 2.2617 3.2695 2.9219 3.1250 3.2188 3.4023 1.5234 1.7266 -1.4258 2.4141 2.9766 -0.0391
2.5938 -4.1250 4.1602 2.1914 -0.2852 1.1797 -0.9453 -0.7812 0.2578 -3.8320 -0.6445 3.1680 3.6523 3.0586 0.5039 2.0547 3.9531 5.6211 1.4766 4.8594 -0.7422 1.8711 2.1094 -3.9219 -3.5469 -0.0117 1.1289 2.6953 3.5000 0.5547 1.6289 1.5430 1.1172 -0.1875 -3.6406 -1.4648 0.4102 -1.5078
0.4961 -3.1914 2.4727 -0.8789 -0.7383 0.4102 -2.1680 -2.6016 -0.0820 -3.1797 2.2969 2.8594 2.1680 3.0273 2.5625 2.9648 1.4648 2.2734 1.3555 5.0820 -2.2148 6.1758 1.6758 -1.0117 -2.6172 4.2070 -2.3203 2.1211 5.0938 5.6836 1.6641 1.9023 3.2383 1.2461 -2.4648 -0.9961 -0.0586 -0.7109
1.8438 -0.9883 1.4336 1.9297 1.4375 0.7539 2.2734 2.1680 -1.0430 -2.0039 1.7383 3.8516 2.4883 3.8828 2.4336 2.3906 -0.1016 2.9570 1.6055 1.9805 2.3711 3.2617 -0.5820 -0.6875 -1.5000 3.0547 1.8984 2.7227 0.0117 1.9805 2.1406 2.4609 0.9922 2.1992 -1.2031 -0.9219 1.5898 1.7773
-0.9922 -5.0586 1.4805 1.2812 2.1719 1.3711 -0.9336 -1.1211 0.9844 -1.7422 0.3828 1.4023 -1.2891 0.0664 2.7852 2.3984 1.9492 4.0078 5.1758 2.8516 0.2188 0.1602 2.2461 -2.6914 -2.7852 2.8672 2.0078 1.3086 4.8438 1.3438 1.7617 6.1133 0.1953 0.8672 -1.1719 -2.3086 1.1445 -0.5703
-0.5391 -0.0508 -0.1328 1.5312 3.0898 2.6562 0.9922 2.0430 0.3750 -0.8477 2.1289 3.2734 2.3359 3.9219 2.7227 2.8906 0.7500 2.4727 3.7812 1.5664 0.6758 2.5430 -0.6719 -1.0195 -0.8281 0.5234 1.8477 2.4648 0.8555 0.4141 2.5547 4.3516 0.9531 1.9023 -0.7188 2.1211 2.8516 0.8047
0.8711 -2.1406 2.1562 0.8398 2.6680 1.7500 1.6055 1.1836 2.4102 -0.3828 2.1680 3.2734 2.5039 3.8281 1.5938 1.4727 3.2305 2.4883 1.5469 4.0078 1.0156 2.6797 2.6875 1.3203 -0.0938 4.4805 1.0430 2.5664 4.9688 4.1680 1.7773 2.7031 1.0938 0.9727 1.2266 -0.2461 0.7500 0.6680
2.6133 -4.4375 0.7500 -0.5859 4.3828 3.0781 1.7969 1.8672 1.5352 -3.7461 1.1445 -0.1211 2.9531 1.1133 -0.5859 3.2266 5.0586 4.9766 4.7383 5.3555 1.6094 0.4766 5.4883 -2.4648 -3.4141 -0.9062 -1.2227 2.9961 1.9883 4.5234 0.3359 4.9922 1.3672 5.1719 -2.7422 -1.1797 -1.5234 0.6367
0.5977 -2.0430 1.5820 2.1406 2.0000 0.7305 0.7852 0.7773 -0.0664 -2.5156 -0.3594 2.0234 1.3711 1.3906 2.7422 1.1094 -2.0195 1.6289 1.0000 1.9844 1.5469 1.4414 -1.7227 -1.2773 -1.5039 2.2578 1.7500 2.8555 0.6562 2.8633 2.3047 2.6680 2.4609 2.3359 -0.8984 0.4102 1.2852 2.2656
0.6133 -2.2969 2.5781 0.4141 2.4609 1.9648 1.0312 1.0859 0.4336 -2.9805 0.8516 1.2656 1.1211 1.4219 3.2383 2.5625 -1.0000 1.3594 2.0938 2.1211 2.4570 1.5625 -0.3789 -1.8477 -1.9180 2.6914 1.8086 3.1211 0.7539 2.7656 1.2422 3.1562 2.8555 3.1406 -1.4414 0.7266 2.0938 0.9102
0.6289 -2.8477 1.0000 4.6055 0.7383 2.3555 1.7227 1.7305 0.7500 -0.7969 1.5078 2.5156 3.2344 2.4023 2.3867 2.7852 2.4688 1.8125 1.7500 2.5469 1.0781 1.7305 0.6055 -0.3242 -0.8750 1.4648 1.2891 2.5312 2.3984 2.2109 0.0938 2.5977 0.7461 1.7852 -1.3281 -1.2422 1.9844 0.7031
1.2773 -2.3594 2.6406 1.1914 1.6445 1.2734 -0.3320 -0.2539 -0.6953 0.0508 2.2930 1.9883 2.6328 1.9883 0.7891 1.2930 1.2422 2.6406 2.8359 1.7578 -1.2266 1.3438 0.1992 -0.3203 -0.3164 0.2891 -0.0742 1.3164 1.4336 1.3086 0.9531 2.3750 -0.9883 1.1289 -1.1562 -0.9922 0.4297 0.3398
1.7578 -0.5547 2.9219 1.7227 -0.4336 -1.7422 0.1367 0.3633 -0.6914 -0.1484 -0.0664 2.4531 3.7539 6.5195 0.7188 1.2578 0.2852 2.7930 2.6641 2.1797 -0.9375 2.7539 0.6055 0.5625 -1.0820 0.6406 0.4766 2.2891 0.0664 -0.7031 3.5117 2.9609 -2.9727 1.1172 -0.6836 0.4219 1.3242 3.0781
6.3281 -5.4883 0.7344 6.1172 -3.1367 -1.6914 2.3359 2.8789 -0.8594 -2.0273 -1.5742 6.2969 2.8945 0.2891 2.0273 -0.7305 -1.0039 0.9922 4.1953 1.7930 2.5312 3.3750 -0.5430 -1.2695 -3.1016 1.7070 0.7539 1.9805 6.8516 5.1719 1.8477 3.8828 -2.4883 -0.5430 -3.5156 -4.9492 -1.8555 1.0391
6.4727 -5.7461 3.0000 2.8594 -1.3359 1.7188 2.4570 2.9570 1.6133 -3.0977 3.1875 3.9023 3.3086 2.8906 3.8125 0.3867 3.1055 1.6406 1.6367 3.0703 3.1367 2.3750 1.5430 -3.1914 -2.5703 0.6836 -0.8359 3.0234 7.7031 3.3594 1.3789 3.0117 1.4648 0.4492 -3.1211 0.6641 1.6797 1.4688
3.5820 -2.3047 3.6484 3.4609 1.6602 0.6602 3.8906 3.8516 2.4297 -0.9570 2.8984 3.2227 4.5898 2.7344 4.0000 2.2070 3.1289 1.0664 5.0547 3.8789 3.6602 0.8086 2.7031 -1.3750 -1.8672 1.9375 3.2539 4.6133 3.7891 4.6758 1.7461 6.2383 2.5195 3.3828 -0.4648 1.5469 3.7734 1.7305
1.1367 -1.8594 1.0547 1.4531 2.7656 1.4023 2.2227 2.1406 -1.5781 -2.6445 1.1289 4.6484 2.8047 3.1836 3.1055 3.2188 -0.6289 3.0078 2.9453 2.8047 2.6836 3.9219 -1.2617 -1.2188 -1.7734 2.7188 2.8867 3.6133 0.4102 2.4844 2.4297 3.8789 1.7461 2.8711 -1.2695 0.0469 2.6289 1.4492
1.1250 -2.2266 1.4805 -1.5312 2.1484 2.4609 0.8047 0.8516 0.1133 -3.6602 1.9219 3.6484 2.3789 3.1055 4.1484 2.0781 -0.6641 2.8242 3.8906 3.7344 1.9414 5.1680 -0.1250 -2.2070 -1.9609 2.2812 0.2539 2.6172 1.1523 2.1328 1.9141 4.2578 3.2812 2.1445 -2.1484 1.7539 3.7461 0.9570
1.9844 -3.7695 1.6953 1.0820 2.2109 2.6367 1.0742 1.3242 1.0156 -4.1797 3.9609 5.7070 3.4648 3.0312 5.9766 0.1953 -2.0547 1.6875 4.7852 2.0078 1.7578 2.0273 -0.9062 -2.8984 -3.4180 3.9062 1.7031 3.4570 2.5820 3.5078 2.9375 5.8633 1.7656 3.1289 -2.7656 0.5859 3.7422 0.6758
1.6172 -1.1641 2.9492 0.8945 1.8359 1.7109 2.1016 2.1133 1.7930 -2.0742 1.6406 2.4766 1.1289 1.9766 3.2305 2.2539 -0.5391 0.5859 1.6289 1.5781 3.3555 2.4727 0.2305 -1.6562 -0.9688 2.1016 2.2578 3.3867 1.8711 2.0312 0.4492 2.7539 2.6914 2.1016 -0.6289 0.7578 2.1914 1.1836
2.6484 -2.2734 1.0625 3.2305 2.8984 3.0664 -0.3711 -0.1758 -0.0820 -2.4570 1.7695 1.7578 3.7422 0.1914 5.2266 2.3086 -1.9180 0.3477 -0.0586 0.6602 0.5664 -2.4727 -2.8281 -2.0898 -2.5195 1.2031 0.7695 2.3242 2.9141 2.1367 3.6758 0.3711 2.5625 2.2852 -2.6484 1.9023 2.0352 -0.9570
-0.0938 -0.2539 0.6523 2.7266 4.0742 1.5938 0.4727 1.2500 2.6953 -1.5156 0.4805 3.6758 2.0508 3.0391 3.0195 1.7539 -1.8750 1.5195 3.4805 2.4062 0.1953 1.1523 -0.0430 -1.0820 -1.1641 1.6914 2.2578 3.6484 -0.6484 2.3789 2.8438 4.3164 1.3477 3.3125 -0.2031 1.8359 0.3164 3.6094
6.5547 -11.0820 -4.5273 -3.7266 -4.3828 -4.4570 -9.3359 -10.3711 -4.9258 -14.9883 -5.9062 -8.7773 -5.9805 -7.7500 -2.4688 -12.6055 -9.9492 -3.4023 -10.4648 -4.5469 -6.6211 -2.5117 -10.3203 -13.9531 -13.6328 -0.6523 -2.2109 -6.9961 -7.5508 -5.0547 -7.9375 -8.6250 -5.1133 -8.5859 -14.8164 -7.3359 -5.8203 3.0312
