ff 01 01 00 00 00 00 00 00 01 01 00 00 00 01 00 00 00 00 00 00 00 02 02 01 00 00 00 00 00 00 00 00 01 01 00 02 01
01 ff 00 ff 00 00 00 00 00 00 00 00 00 01 00 00 ff 00 01 00 00 00 00 ff 00 00 00 00 00 00 00 00 00 00 ff 00 00 00
ff 00 00 00 00 00 00 00 00 00 00 00 00 01 00 00 00 00 00 00 00 00 00 00 00 ff 00 00 00 00 00 00 00 00 00 00 00 00
00 00 00 00 00 00 00 00 00 00 00 00 00 ff 00 ff 00 00 00 01 00 00 00 00 00 00 00 00 00 00 00 00 00 00 00 00 00 01
01 02 01 01 00 00 01 01 00 02 00 00 00 00 00 00 00 ff 00 00 01 ff 00 02 02 00 01 00 00 00 00 01 01 00 02 00 01 03
00 fc 00 ff ff 00 fd fd 00 fb ff 00 fd 00 fe 00 00 00 fe 00 fd 00 00 fb fb ff ff ff 00 00 ff fe ff fe fb fd 00 00
00 00 00 ff 01 00 00 00 00 00 00 00 00 00 00 00 00 00 00 00 00 00 00 00 00 00 00 00 00 00 00 00 00 00 00 00 ff 00
00 00 00 01 01 00 00 00 00 01 00 00 00 01 00 01 00 00 00 00 00 00 00 00 00 00 01 00 00 00 00 00 01 01 00 00 00 ff
00 ff 00 ff 00 00 ff ff 00 fe 00 01 00 ff ff 00 01 ff ff 00 ff ff 00 fe fe ff 00 00 00 00 00 00 00 00 fe 00 00 00
00 00 00 00 00 00 00 00 00 ff 00 00 00 00 00 00 ff 00 00 00 00 ff ff 00 ff 00 00 00 ff 00 00 00 ff 00 ff 00 00 00
ff 00 00 ff 00 00 00 00 00 01 00 00 01 00 00 00 01 00 00 00 00 00 01 01 01 01 00 00 00 00 01 00 00 01 01 01 01 00
00 00 00 ff 00 00 00 00 01 01 00 00 01 00 00 00 00 00 00 01 00 01 00 01 01 00 00 00 00 00 00 00 00 00 01 01 00 02
ff 02 00 00 00 00 00 00 00 01 00 00 00 00 00 01 00 00 00 00 00 00 00 01 01 00 00 01 00 00 00 00 00 ff 01 fe 00 00
ff 00 00 00 00 00 00 00 ff 00 00 00 01 00 00 00 00 00 00 01 00 00 00 00 00 ff 00 00 01 00 00 00 00 00 00 00 00 00
01 02 00 00 00 00 00 00 00 02 00 00 00 00 00 00 00 00 00 01 00 00 00 01 02 00 00 00 00 00 00 00 01 00 01 00 ff ff
fe 03 00 00 00 00 00 00 01 03 00 00 00 00 01 01 02 01 00 00 00 00 01 04 04 01 00 00 01 01 00 01 00 00 03 00 02 00
fe 00 00 00 00 ff 00 00 ff 00 ff ff 00 ff ff 00 00 fe 00 00 00 ff fe 00 00 ff 00 ff fe fe ff 00 00 ff 00 ff ff 00
00 ff ff 00 00 00 00 00 00 ff 00 00 00 ff 00 00 00 ff 00 00 00 00 00 ff ff ff 00 00 00 00 00 00 ff 00 ff 00 00 00
00 01 02 ff 00 01 00 00 00 02 00 00 00 00 00 01 01 00 00 00 00 00 00 01 01 00 00 00 00 01 00 00 00 00 02 00 00 00
00 00 00 00 00 00 00 00 00 00 00 00 00 01 00 00 00 ff 00 00 00 00 00 00 00 01 00 00 00 ff 00 00 00 00 00 00 00 ff
00 00 00 00 00 00 ff ff 00 00 ff 00 00 00 00 00 00 00 00 00 ff 00 00 00 00 00 00 00 00 00 00 00 00 00 00 00 00 00
02 00 00 02 00 00 02 01 00 00 00 00 01 00 00 ff ff ff 02 00 02 00 ff 00 00 00 01 00 00 00 01 02 01 00 00 00 01 00
01 00 01 00 02 02 00 00 01 00 02 01 00 02 01 02 03 02 00 02 00 03 02 ff 00 01 01 02 02 02 00 00 01 01 00 01 00 00
00 00 00 00 00 00 00 00 00 00 00 00 00 00 00 00 00 00 00 01 00 ff 01 00 00 00 00 01 00 01 00 00 00 00 00 00 01 00
02 00 ff 00 00 ff 00 00 00 ff 00 00 01 00 ff 00 01 00 00 01 00 00 00 ff ff 00 00 00 01 01 02 00 00 00 ff 00 fe 01
00 00 01 00 00 00 00 00 00 00 00 00 00 00 00 00 02 00 00 00 00 00 00 00 00 00 00 01 00 00 00 00 ff 00 00 00 01 00
00 02 ff 01 00 00 01 01 00 02 00 00 00 00 00 00 00 00 00 00 01 00 00 03 02 00 00 00 00 00 00 00 00 00 02 ff 01 00
ff 01 01 00 00 00 00 00 00 01 00 00 00 00 00 00 00 00 00 00 00 00 00 00 01 00 00 00 00 00 00 00 00 01 01 00 01 00
01 00 00 ff 00 01 00 00 01 00 00 00 00 01 00 00 00 00 00 00 00 00 ff 00 00 00 00 00 00 01 00 00 00 00 01 01 00 00
00 02 00 01 00 00 01 01 00 01 00 00 ff 00 00 ff 00 00 00 00 01 01 00 02 01 00 00 00 00 00 00 00 00 ff 01 00 ff 00
00 00 01 00 00 01 00 00 00 ff 00 00 00 01 00 00 00 00 00 00 00 00 00 fe ff 00 00 00 01 00 00 00 00 00 ff 00 00 00
00 00 ff 00 00 ff 00 00 00 00 00 00 00 00 00 00 00 00 00 ff 00 00 ff 01 00 00 01 01 00 00 00 00 ff 00 00 00 00 00
ff 01 ff 00 00 00 00 00 00 01 00 00 00 00 00 00 00 00 01 00 00 00 00 01 01 00 00 00 00 00 01 01 00 00 01 00 01 ff
00 00 00 ff 00 00 00 00 ff 01 ff 00 01 00 00 00 01 00 00 00 00 00 00 01 00 00 00 00 01 00 01 00 00 00 00 00 00 00
00 00 00 ff 01 01 00 00 00 ff 00 00 00 00 00 01 01 00 00 00 00 00 00 00 ff 00 01 00 01 01 00 00 00 00 00 00 00 00
00 01 01 00 00 00 01 01 ff 01 ff 00 01 00 00 00 00 00 ff 00 01 00 01 01 01 01 00 00 00 00 00 ff 01 00 01 00 00 01
00 00 00 00 00 00 00 00 00 00 01 00 00 01 00 00 00 00 00 00 00 ff 00 00 00 00 00 00 00 00 00 ff ff 00 00 00 00 01
00 00 ff ff 00 00 01 01 00 00 00 01 00 00 00 00 00 ff 00 00 01 00 ff 00 00 00 00 00 00 00 00 00 00 00 00 00 00 00
00 02 01 00 00 00 00 00 01 02 00 00 01 00 00 00 00 01 00 00 00 00 00 02 02 00 00 00 00 00 00 00 00 00 01 00 00 ff
00 ff ff 00 00 00 00 00 00 00 00 01 00 00 00 00 00 ff 00 00 00 00 00 ff 00 00 00 00 00 00 00 00 00 00 00 00 00 01
00 01 00 00 00 00 01 01 ff 01 00 00 00 00 00 01 ff 01 00 00 00 00 00 01 01 00 00 00 01 01 00 00 00 00 01 00 00 00
00 ff 00 00 00 00 00 00 00 00 00 02 00 00 00 00 00 00 00 00 00 00 00 00 00 00 00 00 02 00 00 00 00 00 ff 01 00 00
01 00 00 00 00 00 00 00 00 00 00 00 00 ff 00 00 00 ff 00 00 00 00 ff 00 00 ff 00 00 ff 00 00 00 00 00 00 00 00 00
00 ff 00 00 00 00 00 00 00 00 ff 00 00 ff 00 00 00 00 00 00 00 00 01 00 00 00 00 00 00 00 00 00 01 00 00 00 00 ff
01 00 00 00 00 00 00 00 01 00 01 00 00 00 00 00 01 ff 00 00 00 00 00 00 00 00 00 00 00 00 ff 00 00 00 00 00 00 01
00 fd 00 fe ff 00 fe fe 00 fd 00 00 ff 00 ff 00 00 00 ff 00 fe 00 00 fc fd 00 00 00 ff 00 ff ff fe ff fd fe 00 fe
ff 00 00 00 ff 00 00 00 00 ff 00 01 00 00 00 00 00 00 01 00 00 00 00 00 00 00 00 00 ff 00 01 01 00 00 ff 00 01 00
00 00 00 ff 00 00 00 00 00 00 00 ff 00 00 00 00 00 00 00 00 00 00 00 00 00 00 ff 00 00 00 00 00 00 ff 00 ff 00 00
ff 02 00 00 ff ff 01 01 00 01 00 00 00 00 00 00 00 ff 00 00 01 00 00 02 01 01 ff 00 00 00 00 00 ff ff 01 00 ff 00
ff 00 00 01 00 00 ff ff 00 00 00 00 00 00 00 00 00 00 00 00 ff 00 00 00 00 00 00 00 01 ff 00 ff 00 00 00 00 00 01
00 00 00 00 00 00 00 00 ff 00 00 00 00 00 00 00 00 00 00 ff 00 01 ff 00 00 00 ff 00 01 00 00 00 00 ff 00 00 00 00
00 00 00 00 00 00 00 00 00 00 01 00 00 01 00 00 00 00 00 00 00 01 00 00 00 00 ff 00 00 00 ff 00 00 00 00 00 00 00
ff 01 00 01 00 00 01 01 00 01 00 00 00 00 00 ff 00 00 00 00 01 00 00 02 01 00 00 00 00 ff 00 00 00 00 01 00 00 ff
01 00 00 00 ff 01 00 00 00 00 01 00 00 01 01 00 01 00 01 01 00 00 00 00 00 00 00 00 00 00 00 01 00 00 00 00 00 00
01 00 01 00 00 00 00 00 00 00 00 00 00 00 01 ff 00 00 00 ff 00 ff 00 00 00 00 00 00 ff ff 00 00 02 00 00 00 01 00
00 ff 00 00 00 00 00 00 00 00 ff 00 00 00 00 00 00 00 00 00 00 00 00 00 00 00 00 01 01 01 00 00 00 00 00 01 00 01
ff 04 00 01 00 01 02 01 01 04 00 00 02 00 01 00 00 00 01 00 01 00 00 05 04 00 00 01 00 00 01 01 01 01 04 00 01 01
00 ff 00 00 00 00 00 00 00 ff ff 00 00 00 00 00 00 00 00 00 00 00 00 ff ff 00 00 00 00 00 00 00 00 00 ff 00 00 00
00 01 00 00 00 00 00 00 00 01 00 ff 00 00 00 00 00 ff 00 00 00 00 00 02 01 00 00 00 00 ff 00 00 03 00 01 00 01 ff
00 00 00 00 00 ff 00 00 00 ff 00 00 00 00 00 00 00 01 00 00 00 00 ff 00 ff 00 00 00 00 00 00 00 ff 00 ff 00 ff 00
00 ff 00 00 00 ff 00 00 ff ff ff 00 ff 00 00 ff ff 00 00 ff 00 00 00 00 ff 00 ff 00 00 ff ff ff 00 00 ff 00 00 00
01 00 00 01 00 02 00 00 00 ff 00 01 00 00 00 01 00 00 01 02 00 00 00 ff ff 00 01 00 00 00 00 01 00 01 ff 00 02 01
02 fe 00 ff 00 00 ff ff 00 ff 00 00 ff ff 00 fe 00 ff 00 fe ff fe ff fe ff fe ff ff fe fe ff ff 00 ff fe fe 01 02
00 00 ff 00 00 01 00 00 00 01 00 00 00 00 00 00 00 00 00 00 00 ff 00 00 01 00 00 00 00 00 ff 00 00 00 01 00 00 00
