ff 00 00 00 00 00 00 00 00 01 00 01 00 00 00 00 00 00 00 00 00 02 01 00
01 01 00 01 01 00 00 00 00 ff 00 01 00 00 00 00 01 00 00 00 00 00 00 00
ff 00 00 00 00 00 00 00 01 00 00 00 00 00 00 00 00 01 00 00 00 00 00 00
00 00 00 ff ff 00 00 00 00 00 00 00 00 00 00 00 00 00 00 01 00 00 00 00
01 00 00 00 00 01 01 01 00 02 01 00 00 01 00 00 01 01 01 00 00 01 02 00
00 00 fe fe ff fe fd ff 00 fb fd fe ff ff 00 fe fd fd fe 00 00 00 00 00
00 00 01 00 00 00 00 00 00 00 00 01 ff 00 00 00 01 01 00 00 00 ff 00 00
00 01 01 01 00 00 00 01 01 00 00 02 00 00 00 00 00 01 00 ff 00 00 ff 00
00 00 00 00 00 00 00 00 00 fe 00 00 00 00 00 00 00 00 ff 00 00 00 00 00
00 00 00 01 00 00 00 00 00 00 ff 00 00 00 01 00 01 00 00 01 01 00 00 00
ff 00 01 00 fe 00 01 00 00 01 00 00 00 00 00 00 00 01 00 00 00 01 00 00
00 00 00 00 00 00 00 00 00 01 01 00 00 00 00 01 01 00 00 00 00 00 02 00
ff 00 00 00 ff 00 00 00 00 01 00 00 00 00 ff ff 00 01 00 00 ff 00 00 00
ff 00 00 00 00 00 00 00 00 00 00 00 00 00 00 00 ff 00 00 00 01 00 00 00
01 00 ff 00 00 00 00 01 00 01 00 00 00 01 00 00 00 00 01 00 00 00 ff 00
fe 01 00 00 00 00 00 00 00 03 01 00 00 00 00 00 00 00 00 00 00 02 00 00
fe ff ff ff 00 ff 00 00 ff 00 ff 00 ff 00 ff 00 00 00 00 ff ff ff 00 00
00 00 00 00 00 00 00 ff 00 ff 00 00 00 00 00 00 00 ff 00 00 00 00 00 00
00 ff 00 00 00 00 00 01 00 01 00 00 00 00 00 00 00 00 00 00 00 00 00 00
00 00 00 00 00 00 00 00 01 00 00 00 00 00 00 00 00 00 00 00 00 00 ff 00
00 00 00 00 00 ff 00 00 00 00 00 00 00 00 00 00 00 00 00 00 00 00 00 00
02 00 00 00 00 00 02 01 00 00 01 00 01 01 00 00 ff 00 01 00 00 01 00 00
01 01 01 01 01 01 00 01 02 ff 00 01 00 02 02 01 00 00 00 02 02 00 00 00
00 00 00 00 00 00 00 00 ff 00 00 00 00 00 00 00 00 00 00 00 00 01 00 00
02 00 00 00 00 ff 00 00 00 ff 00 00 00 00 00 00 00 00 00 00 00 fe 01 00
00 00 00 00 00 01 00 00 00 00 01 00 00 00 00 00 00 00 00 00 00 01 00 00
00 00 00 00 00 00 00 00 00 03 00 00 00 00 00 00 00 00 02 01 00 01 00 00
ff 01 00 00 00 00 00 00 00 01 01 00 00 ff 00 00 00 00 00 00 00 01 00 00
01 00 00 00 00 00 00 00 00 00 01 00 00 00 00 00 00 00 00 00 00 00 00 00
00 00 00 00 00 00 00 00 00 02 00 01 00 00 00 00 00 00 00 00 00 ff 00 00
00 00 00 00 00 00 00 00 01 fe 00 00 00 00 00 01 00 00 00 00 00 00 00 00
00 00 00 00 00 00 00 ff 00 01 00 00 00 00 ff 00 00 00 00 00 ff 00 00 00
ff 00 00 00 00 00 01 00 ff 01 00 00 00 00 00 00 00 00 00 00 00 01 ff 00
00 00 00 00 ff 00 00 01 00 01 00 00 00 00 ff 00 00 00 00 00 ff 00 00 00
00 00 01 01 00 00 00 00 ff ff 00 01 ff 00 00 00 01 00 ff 00 00 00 00 00
00 00 00 00 ff 00 00 00 00 01 00 00 01 00 ff 00 00 00 01 00 ff 00 01 00
00 00 00 00 00 00 00 00 01 00 00 00 ff ff 01 00 00 00 00 00 00 00 01 00
00 ff 00 00 00 00 00 00 00 00 00 00 00 01 00 00 00 00 01 00 00 00 00 00
00 00 00 00 00 00 00 01 00 02 00 00 00 00 00 00 00 01 00 00 00 00 00 00
00 00 00 00 00 00 00 00 00 ff 00 00 00 00 01 00 00 00 00 00 01 00 01 00
00 00 00 00 00 00 00 00 00 01 00 00 00 00 00 00 00 00 00 00 00 00 00 00
00 00 00 01 01 00 00 00 00 00 00 00 00 00 00 00 00 01 00 00 00 00 00 00
01 00 00 00 00 00 00 00 00 00 00 00 00 00 00 00 00 00 00 00 00 00 00 00
00 ff 01 01 00 00 00 00 ff ff 00 00 00 00 00 00 00 00 00 00 00 00 ff 00
01 00 00 01 00 00 00 00 00 00 00 01 00 00 00 00 00 00 00 00 00 00 01 00
00 00 00 ff ff ff fe ff 00 fd fe ff 00 ff 00 00 fe fe fe ff 00 00 fe 00
ff 00 00 00 00 00 00 00 00 00 00 00 01 00 00 00 00 00 00 00 00 01 00 00
00 01 00 ff ff 00 00 00 00 00 00 00 00 00 00 ff 00 ff 00 00 00 00 00 00
ff 00 ff 00 ff fe 00 00 ff 02 00 ff 00 00 00 ff ff 00 00 00 00 00 01 00
ff 02 01 00 00 00 00 00 00 00 00 00 00 00 00 00 00 00 00 00 00 00 01 00
00 00 00 00 00 00 00 00 00 00 00 fe 00 00 00 00 00 00 00 00 00 00 00 00
00 01 00 00 00 00 00 01 01 00 00 00 00 00 00 00 00 00 00 00 00 00 00 00
ff 00 00 00 ff 00 00 00 00 02 00 01 00 01 00 00 00 01 01 00 00 00 00 00
01 00 00 00 00 00 01 00 00 00 00 00 00 01 01 00 00 00 00 01 01 00 00 00
01 01 00 00 00 00 01 01 00 00 01 01 01 01 00 00 00 01 00 00 00 01 00 00
00 00 01 00 00 00 00 00 00 ff 00 00 00 00 ff 00 00 00 00 00 00 00 00 00
ff ff 00 00 00 01 02 01 00 05 02 00 00 00 01 00 01 01 01 01 00 00 00 00
00 00 00 00 01 00 00 00 00 ff 00 00 00 00 00 00 00 00 00 00 01 00 00 00
00 00 00 00 ff 01 00 02 00 02 00 02 00 02 00 00 00 02 01 00 00 01 ff 00
00 00 00 00 00 00 00 00 00 00 ff 00 00 00 ff 00 00 00 01 00 ff 00 00 00
00 00 00 00 01 00 00 00 00 ff ff 00 00 00 00 00 00 00 00 00 00 00 00 00
01 00 00 01 00 01 00 00 00 ff 00 00 01 01 01 00 00 00 00 00 01 02 01 00
02 00 fe ff ff fe 00 00 00 fd ff ff 00 00 ff ff fe 00 00 ff 00 01 02 00
00 fe 00 00 01 00 00 00 00 00 00 00 00 00 00 00 00 00 00 00 01 00 00 00
