042a ffb2 fdee fdb2 ff41 0145 0000 0000 fe1d 01bd 0000 0000 0000 0000 014a fd90 0000 0000 00f5 ffee 0000 0000 0000 0000
0440 000f 0054 0346 014c ff32 0000 0000 019c fc30 0000 0000 0000 0000 02ae 0315 0000 0000 01d0 030e 0000 0000 0000 0000
0229 0000 0000 0000 025d 026a 0000 0000 01b6 fd6b 0000 0000 0000 0000 03a7 0105 0000 0000 0000 0000 0434 0186 0000 0000
044f 00ea 0000 0000 02dd 040e 0000 0000 01b0 fbeb 0000 0000 0000 0000 0200 040e 0000 0000 0000 0000 02bd 0212 0000 0000
0000 0000 0170 03ac 0216 01b8 0000 0000 0000 0000 0000 0000 0000 0000 051a 0399 0000 0000 0000 0000 0578 03b2 0000 0000
0000 0000 0264 01f5 03e0 0205 0000 0000 0000 0000 0000 0000 0000 0000 026c 033e 0000 0000 0000 0000 02eb 0144 0000 0000
01a5 0000 0386 01b2 00fa 0083 0000 0000 02b1 fd19 0000 0144 0000 0000 0000 0000 0000 0000 0000 0000 02a7 01ea 0000 0000
0000 00a4 0000 0062 00bc ffef 0000 0000 0000 fd60 005b feb2 0000 0000 0000 0000 0000 0000 0000 0000 01bb 01e6 0000 0000
ff05 0001 0000 0000 0238 0293 0000 0000 0000 0000 0038 0000 0000 0000 011c 02da 0000 0000 0000 0000 0278 00a4 0000 0000
ff95 00cc 0000 0000 004e 016f 0000 0000 0000 0000 ff3f 0093 0000 0000 016c 00ff 0000 0000 0000 0000 01fa fff6 0000 0000
007b 0000 0291 003a 025b 006e 0000 0000 0395 fe37 0000 0000 031c fffa 01a3 0291 0000 0000 0000 0000 01c6 029f 0000 0000
0078 0000 01fc 01f9 02a2 01a2 0000 0000 0253 0051 0000 0000 0296 00f3 037a 0371 0000 0000 0000 0000 0363 02e1 0000 0000
00ca 0076 0000 0162 01a1 00aa 0000 0000 0000 fdf4 0000 0000 0000 0000 030a 0082 0000 0000 0000 0000 0412 0240 0000 0000
0244 01a4 0440 0227 010f 01f2 0000 0000 04d4 fe86 0000 0000 0000 0000 043a 025a 0000 0000 0000 0000 0367 03e0 0000 0000
0290 0193 0138 0201 0045 031d 0000 0000 0255 fe54 0000 0000 0294 001b 0351 04af 0000 0000 0000 0000 02f8 0046 0000 0000
0231 0113 0130 0213 01bb 01ad 0000 0000 001c fe0a 0000 0000 027a 01ec 0285 0251 0000 0000 0000 0000 0193 0173 0000 0000
0181 01c6 ff6e ff76 01e0 01d1 0000 0000 0020 fd3f 0000 0000 0253 0021 036f 048e 0000 0000 0000 0000 02e7 0190 0000 0000
00a0 00a6 026e 0282 009e 0000 0000 0000 0186 fdfa 0000 0000 01c1 0021 0255 0143 0000 0000 0000 0000 0260 0189 0000 0000
0096 024e 0343 02b0 00f4 0195 0000 0000 02c7 fdf9 007d 0224 0149 00bb 0223 0351 0000 0000 0000 0000 028d 02a7 0000 0000
01e7 ffd6 0000 ff91 ff6b 0222 0000 0000 0210 00d3 005e 0093 00dd 0105 02b5 00c5 0000 0000 0000 0000 02d0 0169 0000 0000
0000 0000 0085 01a0 ff0b 0311 0000 0000 0000 0000 001e 0147 0000 0171 036f 02f1 0000 0000 ff7d 02f8 02d9 0062 0000 0000
0000 0000 0390 01b1 00f9 014a 0000 0000 0000 0000 0239 0407 005b 01bf 0263 01d9 0000 0000 00d1 00dc 02af 01db 0000 0000
0000 0000 fc2a fce1 fc9a fdc7 0000 0000 f979 f6dd fc0e f98f 0000 0000 f9c1 fe9f 0000 0000 0000 0000 fd14 fd52 0000 0000
0000 0000 0000 0000 0000 0000 0000 0000 0000 0000 0000 0000 0000 0000 0000 0000 0000 0000 0000 0000 0000 0000 0000 0000
